193 98 22 64 106 137 32 69 174 29 99 120 134 131 224 86 166 61 110 24 66 63 130 64 20 176 50 106 64 128 35 141
80 226 159 239 24 198 91 20 38 13 206 129 247 135 2 80 84 189 109 144 10 157 193 53 217 167 186 209 160 130 36 106
180 77 88 111 52 11 71 104 84 34 227 8 115 65 1 17 24 236 68 106 104 182 73 63 224 170 97 16 113 187 66 160
222 115 90 39 34 10 58 112 56 228 83 231 77 78 203 19 54 125 237 247 228 212 141 78 252 1 111 133 45 183 47 81
189 116 108 115 205 223 87 252 81 254 245 61 115 125 11 185 157 216 213 102 237 246 126 62 99 203 117 53 251 255 222 242
210 201 131 190 25 196 10 162 172 136 194 64 244 215 33 194 224 119 121 195 75 201 146 111 185 176 142 152 0 49 37 42
216 222 189 53 186 122 29 191 182 222 158 176 191 183 195 250 7 86 253 60 235 77 167 11 234 231 127 149 166 244 133 121
74 34 150 182 33 132 57 80 175 89 3 133 236 231 98 218 166 53 253 156 2 201 131 65 153 247 90 192 130 6 41 81
9 126 40 101 40 61 182 22 36 110 94 237 151 5 195 1 142 60 205 70 197 188 225 4 198 193 32 176 78 147 91 89
131 204 119 90 86 145 239 228 221 64 124 194 56 72 180 229 126 224 18 238 227 175 46 255 54 60 2 138 95 147 97 173
7 248 190 58 110 185 176 206 238 53 152 175 164 216 126 10 235 43 235 21 134 35 206 113 94 21 59 127 213 95 63 207
222 115 194 163 162 10 63 240 57 230 23 231 77 79 203 14 54 93 237 247 244 212 141 202 252 70 47 231 46 183 47 83
216 94 90 76 114 130 107 114 53 136 238 228 51 131 161 80 102 188 78 232 105 159 33 78 210 173 162 128 42 160 96 57
77 191 147 164 184 172 90 146 175 233 186 109 159 182 65 210 167 231 124 20 159 9 145 34 190 253 47 222 136 231 11 81
37 255 95 77 200 127 103 255 224 222 108 44 82 117 139 51 9 202 194 106 241 242 122 61 111 139 101 100 233 249 206 241
106 249 180 186 233 213 94 221 171 29 180 45 174 255 64 214 198 243 239 80 26 11 218 241 251 212 14 251 146 22 167 95
32 32 126 69 116 139 233 91 118 160 118 0 83 129 176 48 122 172 38 40 128 248 39 93 70 175 49 64 103 136 98 169
29 181 113 73 151 255 195 251 111 89 252 64 26 21 172 164 62 26 22 120 179 168 121 125 43 217 0 70 251 1 227 181
81 57 82 69 83 186 48 115 101 224 239 100 26 18 132 244 34 189 74 168 141 185 21 76 22 172 2 2 107 0 107 151
161 35 46 5 116 31 226 121 109 172 119 77 67 136 151 17 184 44 78 47 196 177 37 28 22 56 33 180 64 170 90 197
60 77 7 238 29 199 71 96 197 8 233 2 114 241 49 228 88 160 10 106 72 171 26 189 241 236 130 25 115 43 112 34
43 171 32 9 117 157 202 83 79 109 252 141 170 136 22 132 152 170 198 29 158 186 101 181 15 93 144 113 211 142 90 204
71 107 137 165 104 15 105 216 46 248 24 205 149 130 211 58 30 205 127 255 197 83 199 88 212 8 239 172 8 178 19 233
152 189 50 26 115 221 178 231 253 77 108 53 44 222 46 148 183 59 130 0 118 173 56 127 59 85 18 75 82 6 175 223
192 251 31 242 17 140 121 119 184 29 102 25 190 135 32 81 166 59 77 80 98 201 178 109 233 241 62 73 0 0 167 235
94 58 158 48 170 56 16 130 171 191 142 189 206 226 67 219 167 119 237 20 22 73 139 96 218 211 127 255 168 117 139 19
56 175 91 73 208 183 106 215 55 5 124 192 59 7 164 180 63 186 134 184 187 186 36 127 127 205 36 225 243 195 238 168
188 55 114 110 91 197 243 121 229 140 255 35 104 223 42 16 248 184 195 162 64 163 170 95 91 229 33 75 99 35 102 243
189 109 108 103 148 50 70 188 117 226 206 16 211 105 157 33 89 206 92 255 253 244 253 46 111 239 165 4 239 243 242 4
62 140 34 174 95 63 218 104 93 230 233 11 111 108 63 16 249 165 223 39 172 163 93 223 187 247 1 19 247 110 126 78
34 148 180 155 253 237 176 107 159 63 17 27 140 252 110 9 201 27 147 17 50 106 90 215 15 22 223 127 144 76 149 194
44 175 161 56 252 75 151 201 26 238 88 171 98 237 119 0 153 74 199 119 122 106 238 26 104 6 45 191 213 110 86 251
184 161 120 226 127 217 81 105 139 53 181 59 15 157 110 144 170 155 198 17 30 43 106 149 155 209 16 127 119 12 206 199
97 122 157 5 36 14 101 183 120 254 118 108 150 48 131 59 132 100 108 76 193 252 225 8 228 187 117 132 72 248 83 121
104 186 148 58 169 153 16 142 219 61 160 45 174 232 74 158 129 122 232 16 22 107 202 177 142 215 85 123 218 76 206 143
60 79 74 14 80 211 79 96 117 132 237 139 99 192 179 148 122 168 130 238 108 146 108 30 242 229 129 41 55 183 126 196
80 181 63 103 147 206 117 59 120 13 111 24 87 119 8 51 177 22 108 32 114 249 177 7 253 239 112 81 96 66 198 99
165 172 199 95 204 107 165 234 118 182 99 18 65 224 29 9 121 238 34 170 113 246 95 62 60 10 215 68 233 121 242 132
172 254 157 191 249 226 119 191 178 63 64 49 247 247 72 83 209 254 236 2 122 222 202 59 237 231 117 97 50 241 166 203
229 36 153 103 28 47 67 56 82 170 173 88 211 113 89 51 25 84 92 42 185 118 249 14 205 223 97 116 200 235 82 32
248 164 188 58 141 253 81 207 211 87 165 25 174 253 106 27 137 131 233 17 62 111 250 179 219 211 84 123 210 76 254 74
250 188 180 250 137 229 20 239 191 23 160 25 46 255 108 27 201 243 249 144 58 79 218 243 155 211 95 127 146 80 167 26
56 249 120 122 217 205 87 255 179 5 172 9 63 215 106 16 153 251 197 80 90 10 218 55 251 197 53 123 114 18 142 202
90 242 112 64 91 217 187 205 43 229 52 171 172 159 70 148 38 25 211 81 214 27 178 211 94 85 29 255 103 6 143 223
48 160 90 139 88 137 224 72 175 33 241 8 238 194 12 144 122 169 78 128 10 55 210 87 148 148 3 120 65 10 75 128
163 37 119 76 11 127 169 104 233 64 245 204 154 12 150 55 46 132 78 44 181 39 245 204 23 24 2 58 79 166 107 245
86 235 206 182 250 154 62 244 175 189 210 231 108 234 107 83 183 237 255 247 148 217 142 237 186 115 111 195 174 183 171 223
244 169 124 97 168 79 81 152 162 188 164 24 147 23 65 27 8 212 108 120 58 98 233 16 235 201 101 117 224 177 198 98
169 201 83 77 117 222 231 53 125 72 118 76 187 128 148 245 24 172 70 104 225 184 117 77 38 184 0 0 75 152 194 172
201 93 55 117 177 158 124 55 249 234 102 64 191 63 17 115 134 119 125 76 225 220 241 46 103 251 116 128 10 176 67 57
75 176 163 29 115 244 184 19 123 201 95 237 172 190 150 244 182 63 252 149 151 152 181 95 14 62 58 194 206 4 47 95
26 182 232 33 211 57 184 79 59 117 173 159 13 172 94 138 191 143 209 149 158 114 215 194 222 87 30 103 239 68 139 214
254 255 234 103 178 90 87 248 115 226 254 237 115 124 223 52 95 254 245 247 237 242 237 42 122 111 37 150 231 255 126 117
224 35 71 204 108 67 105 121 227 136 240 104 1 131 148 213 120 172 110 232 73 3 194 93 20 176 163 172 61 160 106 168
236 53 235 101 251 126 251 158 115 229 190 189 75 253 223 58 191 223 245 53 181 243 244 2 127 125 37 255 239 245 198 215
92 123 122 228 19 202 123 240 161 132 254 169 79 207 35 16 182 253 205 226 72 131 160 76 243 229 37 173 35 179 39 115
225 138 124 87 100 30 232 55 125 106 118 84 179 8 150 113 134 166 118 12 245 252 101 109 6 58 112 128 76 128 202 157
184 76 26 254 27 197 86 226 181 6 224 25 47 251 33 145 217 187 193 98 108 175 26 63 243 215 0 27 115 112 46 10
88 165 146 118 139 226 21 239 177 135 169 41 79 247 40 91 179 247 237 162 88 203 138 108 249 231 85 9 162 112 167 42
209 121 31 116 32 142 119 53 224 152 162 92 183 19 1 51 166 116 108 106 97 237 179 45 225 233 100 16 104 48 67 43
129 154 238 113 162 170 57 151 62 95 86 181 245 7 146 72 55 15 61 157 146 220 103 23 204 239 122 196 172 192 133 121
81 13 109 101 178 10 111 190 116 234 218 196 211 39 153 113 54 198 92 238 233 216 101 14 228 171 239 148 44 240 146 113
165 125 241 65 252 79 199 252 83 232 188 104 114 53 213 52 28 252 86 122 233 114 237 58 61 28 37 188 231 250 86 253
204 158 157 187 232 237 55 191 150 63 10 189 245 247 72 91 197 95 234 17 54 78 203 51 237 231 127 109 176 88 133 75
214 121 19 190 139 213 30 237 175 132 136 139 238 214 41 213 250 249 251 227 72 3 218 249 177 241 143 63 50 119 175 54
85 85 253 71 170 122 69 57 33 254 175 232 83 119 141 127 54 214 124 106 249 97 239 8 103 170 101 148 227 242 198 113
73 27 151 161 32 138 40 19 62 81 66 245 159 6 128 216 38 13 108 21 147 216 215 64 196 227 122 128 140 132 1 25
50 87 90 8 50 47 103 119 125 78 254 252 150 2 134 17 182 153 68 38 249 154 65 78 176 182 50 130 72 209 199 125
189 77 106 110 212 183 198 248 85 194 125 78 115 232 183 49 120 232 22 111 237 178 60 62 114 237 161 1 125 251 122 132
109 164 237 93 244 30 229 186 118 226 78 0 209 113 153 249 81 78 58 40 241 208 245 10 111 111 231 4 134 240 90 160
208 174 30 252 58 235 17 39 176 183 228 56 183 179 0 19 163 183 237 0 40 79 192 31 223 163 112 57 96 64 7 43
124 101 129 102 217 111 198 232 18 234 185 72 82 116 9 178 153 214 78 98 105 35 104 59 185 198 5 63 209 123 86 163
8 157 19 76 243 220 183 103 236 73 106 32 60 182 36 240 162 59 130 0 81 185 48 111 117 173 22 3 72 0 167 187
99 172 233 21 116 170 232 39 121 99 106 221 179 40 20 48 131 47 98 13 181 252 213 79 12 62 16 64 204 192 211 204
232 47 252 124 234 123 93 246 208 238 60 173 107 173 147 19 7 103 247 46 228 111 230 42 118 107 101 185 119 252 14 217
45 203 229 31 237 219 231 173 95 125 116 12 226 104 158 189 137 74 38 111 214 120 111 181 44 90 85 101 215 62 214 229
41 17 113 79 117 207 227 49 109 104 123 72 242 17 148 180 88 172 18 42 209 184 117 31 5 188 32 0 107 138 82 164
50 48 47 184 77 233 177 64 174 85 65 27 166 156 118 11 168 57 99 17 6 109 178 17 209 17 218 107 65 9 87 218
63 78 65 44 125 43 198 120 68 234 216 239 83 108 145 164 88 236 86 111 205 179 77 156 48 78 169 180 127 127 82 213
75 18 10 165 40 18 56 48 44 96 211 229 157 14 146 208 102 133 255 165 141 147 197 204 150 113 186 128 44 132 41 93
11 63 34 16 243 181 186 215 173 205 88 229 172 200 247 132 174 107 215 213 150 185 22 236 44 20 46 194 206 21 171 223
14 255 161 163 190 171 159 220 30 245 24 239 205 237 219 0 31 91 199 119 146 98 110 51 232 68 45 252 221 255 151 241
212 81 27 230 2 79 127 96 177 160 227 201 95 215 33 17 182 253 77 98 104 147 24 76 241 225 35 0 32 51 39 51
122 120 185 236 11 103 19 90 2 166 140 10 60 191 97 106 252 245 185 193 9 67 243 168 211 199 203 186 177 121 36 123
131 216 129 154 253 245 184 199 159 91 16 119 172 222 100 236 205 59 155 145 55 15 66 247 13 22 154 251 152 12 185 159
1 188 55 85 116 190 233 55 125 75 122 80 191 51 148 244 135 46 126 12 177 252 113 79 15 254 50 128 202 192 195 173
255 197 237 173 176 18 79 191 119 97 206 178 83 99 186 112 89 198 61 172 255 130 109 31 226 239 175 148 191 242 240 64
118 187 154 174 122 212 18 232 131 92 205 175 102 254 43 80 244 251 165 199 14 3 138 61 218 229 43 187 24 39 46 83
91 157 62 85 161 62 125 55 237 90 14 69 190 63 22 119 133 103 253 12 253 201 179 77 235 123 84 130 10 244 137 93
5 35 22 7 104 143 34 121 238 168 107 68 84 210 168 246 52 108 106 110 144 241 158 92 28 44 35 68 72 163 99 133
64 94 159 252 48 232 49 22 186 143 102 176 183 183 161 90 135 117 109 16 34 205 162 47 201 247 112 201 128 129 7 107
167 233 110 87 76 221 237 249 238 252 180 10 120 200 222 39 40 232 126 223 199 227 175 112 95 9 229 184 71 14 91 231
70 249 30 154 137 212 150 236 143 17 136 5 236 215 108 199 193 119 251 211 83 75 154 245 185 112 15 127 24 87 169 30
35 184 154 88 211 240 184 199 250 17 100 48 40 154 102 120 231 59 162 144 54 218 150 119 30 39 26 107 217 0 171 158
8 177 83 72 115 241 48 75 47 1 109 32 172 215 164 244 178 59 134 16 18 26 34 85 15 213 50 107 146 2 167 171
96 51 113 69 122 75 177 89 105 172 245 104 6 17 132 52 58 28 206 96 128 35 225 88 22 144 33 191 82 170 70 167
61 101 101 79 220 31 198 248 117 160 233 72 83 120 157 180 88 196 86 238 237 178 109 63 62 238 5 116 123 187 90 164
188 80 95 109 98 75 119 88 121 162 115 104 95 115 9 57 54 189 70 98 41 180 89 8 215 235 97 20 105 187 70 163
182 145 16 168 93 141 208 105 15 49 177 89 134 90 108 16 217 153 7 49 26 47 90 213 153 208 9 126 88 10 131 130
161 38 173 177 252 175 160 87 126 235 90 88 213 56 209 170 155 38 118 61 181 124 231 10 44 31 127 224 196 72 211 233
45 8 67 123 69 191 104 18 119 65 99 80 187 200 92 252 89 170 50 28 159 176 87 177 135 249 146 64 218 141 88 132
18 141 114 137 86 211 186 99 29 69 93 167 45 142 166 68 126 59 151 129 150 184 36 223 62 69 138 195 55 142 173 221
70 35 2 26 61 137 130 192 239 164 169 73 206 192 159 148 152 96 74 103 22 35 206 253 152 20 3 123 82 47 91 4
89 16 135 165 2 14 40 7 44 81 66 199 157 6 16 202 102 13 122 141 149 216 215 64 132 161 218 0 44 0 33 24
185 85 47 236 54 71 75 121 4 232 218 102 115 93 176 97 124 180 31 111 233 179 49 29 241 169 161 144 125 170 48 49
103 103 232 230 238 34 207 184 1 226 157 207 217 109 223 6 94 199 117 239 201 66 205 168 54 110 237 188 239 247 146 241
90 49 18 172 43 201 24 105 175 140 168 169 207 222 32 80 182 185 205 33 72 3 130 221 147 245 11 187 16 38 39 83
112 121 217 101 0 78 71 25 48 162 170 8 83 23 193 120 16 252 108 106 73 214 241 10 241 172 37 52 96 242 70 40
208 198 223 247 50 200 57 54 176 7 194 177 247 119 136 91 39 247 109 128 32 220 227 111 205 167 126 193 160 128 7 123
65 150 238 57 176 174 121 23 190 89 94 245 247 47 146 80 167 39 125 29 146 137 5 95 202 255 58 192 172 192 137 89
163 255 241 85 124 91 207 189 91 234 48 120 248 124 212 181 31 124 86 122 225 254 237 238 44 24 37 178 71 184 82 173
16 33 159 206 8 71 233 121 166 152 255 8 240 211 40 82 120 180 110 168 8 163 195 93 217 169 227 24 81 34 101 32
73 175 27 164 176 172 122 51 43 232 122 77 191 182 195 48 182 175 92 28 159 26 128 14 252 253 39 232 136 226 11 73
212 104 19 174 0 198 74 96 180 136 227 65 95 215 33 209 254 253 77 226 73 151 24 76 241 225 235 128 32 51 39 50
248 199 109 109 188 66 79 191 65 108 222 234 83 97 154 112 91 198 125 236 249 11 109 31 250 239 165 149 63 242 246 104
190 73 111 238 80 198 95 112 165 140 243 131 125 207 33 81 236 241 23 230 104 135 18 172 243 225 170 136 49 51 36 242
31 251 198 165 123 150 190 232 175 200 218 231 109 202 167 210 246 229 255 231 196 145 142 237 188 118 47 134 44 54 43 221
16 142 30 189 50 235 176 98 252 73 94 35 191 120 162 97 230 51 142 161 54 185 5 127 192 167 58 195 116 0 45 11
97 56 94 93 88 242 32 34 225 192 234 36 177 146 132 112 74 189 122 128 13 154 212 77 6 188 18 2 72 129 106 30
17 51 127 37 86 14 225 115 108 160 107 77 22 24 22 33 170 44 98 45 212 184 21 12 85 168 32 0 105 40 99 193
65 29 94 69 82 182 48 82 236 192 235 100 153 146 132 113 110 173 74 136 149 186 52 76 22 168 2 66 105 1 106 134
233 130 101 55 100 10 233 53 124 99 115 93 243 8 158 121 26 142 118 13 245 252 229 47 68 58 112 0 77 136 82 200
55 62 103 12 60 59 195 114 69 232 222 238 66 172 181 164 30 236 86 111 137 179 101 156 144 62 1 178 111 239 82 245
188 255 215 118 176 107 86 248 51 234 185 124 82 116 141 176 153 254 196 98 105 231 120 62 185 215 101 183 233 115 206 51
56 123 122 108 82 198 91 244 33 132 252 171 59 135 33 16 126 249 133 226 72 155 48 44 243 205 32 137 99 179 38 251
161 34 108 73 108 219 225 66 85 77 240 59 2 8 150 57 200 136 70 25 190 190 101 156 86 56 176 81 85 140 86 206
57 160 236 101 52 90 97 186 117 240 78 0 211 41 145 99 113 76 124 56 141 248 117 12 207 239 245 4 238 168 82 136
41 124 83 73 85 191 226 84 125 104 120 78 106 152 181 180 56 168 18 110 133 178 20 254 54 60 0 2 91 159 90 141
9 114 25 211 100 158 105 20 44 47 119 116 172 3 130 252 70 44 38 8 135 156 225 225 6 185 186 192 10 128 75 169
52 156 237 87 146 123 71 170 86 230 239 134 83 101 25 37 89 206 32 170 105 240 125 62 111 135 85 4 225 251 212 240
216 149 126 108 147 72 53 255 186 21 110 56 31 183 8 19 51 151 237 32 114 121 178 23 251 227 84 71 96 64 167 34
6 184 180 153 255 201 176 67 159 53 17 59 140 190 102 9 235 27 179 17 18 120 26 213 29 22 95 111 144 12 149 195
193 143 21 69 160 14 100 55 104 234 58 72 182 51 128 51 128 38 124 44 241 184 225 14 164 186 116 144 72 224 195 41
188 70 88 109 52 11 71 56 116 130 243 104 215 99 137 17 90 228 68 106 104 180 69 14 228 167 33 16 96 251 66 1
110 61 251 113 243 126 253 215 121 239 62 189 27 61 215 59 63 223 213 52 181 251 180 106 127 95 53 199 231 213 230 255
88 30 91 229 114 178 107 114 52 72 110 228 57 167 161 80 102 188 134 136 17 154 32 76 86 239 50 128 42 193 98 177
229 106 205 69 44 15 77 158 98 234 50 76 147 17 209 59 8 76 124 110 201 244 229 8 100 152 101 180 72 249 82 41
108 240 189 105 141 109 81 156 66 125 164 29 210 85 75 59 153 16 121 56 27 98 251 17 207 217 85 124 208 58 214 114
32 64 126 77 116 143 233 120 116 161 119 2 83 193 180 32 122 44 34 40 160 188 55 93 71 171 112 64 103 136 96 160
67 35 73 165 96 8 104 16 44 105 211 197 157 14 146 240 102 141 127 205 133 152 197 64 148 105 170 192 44 135 59 81
186 251 114 64 83 221 187 117 43 236 124 175 14 158 198 180 190 185 215 243 215 59 180 213 123 73 9 239 103 6 175 247
195 124 191 116 97 238 181 230 185 138 42 8 60 191 5 51 160 117 121 65 97 221 176 106 177 186 78 2 72 113 3 43
43 182 228 85 82 26 217 186 115 226 254 234 123 109 159 181 95 253 245 61 173 242 229 12 78 15 37 134 239 236 114 253
20 47 62 169 172 173 184 203 206 125 216 7 181 200 127 66 236 11 107 213 150 35 206 113 252 1 43 125 220 91 169 195
80 74 11 238 48 162 91 148 36 13 238 129 119 199 9 80 112 252 109 220 10 147 225 61 209 165 162 128 32 147 36 107
246 157 26 174 203 69 94 233 159 130 233 9 110 255 47 81 249 251 91 226 108 7 218 255 179 241 207 63 25 114 42 146
37 219 229 19 237 217 247 191 239 125 52 111 170 44 214 166 171 66 230 85 215 56 127 245 46 26 85 118 95 158 212 253
30 165 225 161 154 15 143 219 23 243 24 143 221 109 89 132 63 95 211 255 83 114 223 155 173 71 141 252 239 254 147 240
169 217 119 93 117 222 228 53 237 88 114 100 186 20 148 247 136 44 198 104 229 248 53 221 38 120 96 2 74 140 194 189
75 49 227 9 115 210 184 19 123 73 87 229 188 158 150 244 182 61 183 149 151 152 181 223 14 60 26 194 143 132 35 245
45 189 253 77 232 255 119 247 226 252 60 45 19 53 131 51 13 118 246 110 213 233 123 61 111 203 101 149 235 248 206 251
216 201 30 158 15 82 37 33 164 86 135 22 237 66 42 203 98 228 232 234 97 69 63 253 176 35 250 17 58 48 173 88
124 119 245 71 202 74 79 189 97 254 175 232 91 119 205 127 54 214 124 234 217 97 239 64 119 170 101 148 227 242 198 113
210 35 26 172 41 199 24 65 173 12 129 169 142 158 34 80 244 181 237 225 24 3 130 88 209 241 10 187 0 2 39 83
123 245 225 6 121 31 70 188 99 232 184 237 75 104 222 182 29 204 244 127 205 122 252 166 58 93 5 126 111 190 218 93
108 254 157 191 185 141 119 190 182 63 196 101 247 247 72 91 85 126 238 82 122 72 203 53 239 247 117 253 178 209 134 251
111 241 225 192 237 61 174 204 203 249 156 78 72 216 221 174 159 76 250 95 151 99 254 242 62 28 133 254 207 255 218 181
91 31 46 188 54 182 121 50 173 76 222 166 191 158 178 96 102 183 191 141 219 153 37 239 210 239 186 128 54 140 53 121
124 171 222 110 27 192 18 232 163 149 237 40 111 227 0 210 34 245 233 208 24 11 138 97 219 229 5 75 226 34 46 42
193 63 31 101 176 142 101 55 236 168 122 100 182 19 128 115 134 54 108 8 225 216 193 12 228 184 38 128 8 128 67 57
169 222 98 94 84 209 175 246 220 78 124 102 56 200 182 165 120 106 130 234 227 190 46 255 54 9 162 136 95 149 103 253
90 12 30 174 34 242 56 99 172 64 203 163 109 255 34 210 166 183 253 163 4 129 2 205 210 227 106 131 36 70 45 83
8 184 210 73 83 249 50 66 111 1 109 32 44 146 228 180 34 185 130 144 19 26 38 245 31 212 18 107 243 1 47 167
43 240 96 65 125 217 210 84 67 101 244 141 139 140 86 180 88 168 215 85 206 62 244 144 71 93 128 251 87 142 94 214
62 224 34 188 93 223 82 104 23 109 241 11 107 221 59 144 216 249 215 225 14 231 88 189 219 215 129 127 115 47 126 82
60 55 51 76 121 231 179 120 165 140 253 96 106 221 44 20 252 56 207 34 16 163 42 221 83 212 35 154 83 171 102 243
80 62 158 190 56 164 89 50 184 142 206 149 255 167 3 83 167 119 109 4 48 201 147 111 219 231 122 88 128 225 39 123
44 247 89 106 120 13 87 248 114 13 125 236 83 71 200 16 31 216 6 122 219 34 74 55 110 141 37 252 121 155 226 177
237 52 157 117 137 127 84 27 123 242 165 24 146 60 69 187 129 84 120 56 229 100 249 8 79 219 85 54 200 112 74 150
89 128 135 181 1 222 105 7 45 81 70 144 159 7 16 238 98 36 124 157 27 216 247 192 133 249 218 64 46 132 41 108
40 50 74 137 85 201 227 72 62 109 245 14 206 194 10 144 120 136 206 160 11 55 112 87 149 133 35 125 73 10 111 240
233 99 96 72 109 29 197 92 65 108 180 29 130 1 214 157 72 136 74 108 200 39 245 144 22 24 128 56 91 156 250 204
126 105 2 58 91 217 82 224 131 36 233 137 110 200 103 148 200 235 197 67 78 43 222 189 187 212 8 59 115 31 30 142
9 157 117 73 183 255 210 255 111 121 124 68 154 24 181 165 174 2 86 120 183 168 113 252 47 217 32 70 219 135 233 181
129 189 187 87 116 190 233 55 124 235 122 80 191 49 148 241 135 62 118 8 177 248 241 79 15 254 114 64 64 192 195 169
24 157 63 238 150 230 87 119 229 77 222 35 126 61 34 97 166 179 221 33 249 169 49 127 243 231 114 67 113 72 165 123
209 203 73 7 48 10 106 188 36 160 202 196 247 66 152 80 82 68 108 238 73 152 205 47 172 164 175 212 44 179 8 8
192 58 88 81 112 184 112 18 191 9 102 252 174 131 194 220 134 60 238 24 147 156 193 81 134 248 48 66 74 128 74 29
96 250 156 186 108 205 83 248 143 60 144 9 246 217 96 18 200 249 111 83 66 47 218 113 217 145 33 121 80 11 22 139
114 251 80 202 59 221 30 237 171 12 188 169 46 223 100 150 166 241 239 80 94 11 218 241 187 213 15 251 18 22 143 31
65 93 109 101 164 14 109 183 112 234 90 76 183 55 145 115 6 246 125 108 233 216 117 12 229 171 116 128 44 240 67 57
170 182 225 45 126 75 145 122 26 228 112 239 175 237 208 128 159 93 195 33 163 126 207 159 76 71 45 191 87 172 86 249
4 132 197 31 196 107 165 170 118 247 107 134 211 96 25 44 121 78 34 42 1 240 125 60 13 166 87 4 233 123 244 224
230 188 152 186 185 245 86 239 159 187 136 25 174 250 74 150 193 251 221 19 126 75 218 183 187 215 31 123 152 94 139 10
189 93 106 127 212 231 199 252 85 206 125 7 115 125 179 32 88 234 22 111 237 178 124 63 98 47 165 0 127 251 242 219
33 4 121 109 52 47 233 59 118 170 115 80 211 33 144 96 123 44 38 40 169 188 65 30 69 174 49 4 109 168 64 160
86 60 255 84 147 234 53 98 249 230 106 17 46 183 5 114 163 119 232 0 53 253 176 110 243 166 69 3 225 113 39 118
146 135 122 153 118 131 184 103 29 69 93 179 45 78 182 65 126 187 23 165 244 153 37 223 54 40 170 193 53 136 165 221
120 57 185 236 91 103 19 86 2 168 204 10 52 183 65 114 236 255 53 192 9 27 241 168 211 205 187 186 161 121 36 59
36 183 249 70 244 233 231 249 119 45 125 44 115 241 206 52 25 218 70 106 147 50 236 55 126 140 37 108 115 203 198 161
62 62 26 172 122 160 19 88 131 76 249 173 126 223 43 80 222 185 199 229 14 3 202 159 210 245 171 191 49 47 38 211
93 41 169 163 168 46 75 152 42 249 155 204 223 38 219 122 151 197 125 255 159 0 237 48 204 253 175 244 172 243 19 113
33 172 234 89 208 243 235 199 118 3 124 144 49 38 182 52 93 58 130 152 178 190 100 95 110 143 148 65 211 208 238 172
90 223 248 100 187 190 93 183 55 239 158 169 175 47 210 116 167 247 253 16 252 72 229 138 251 255 52 155 166 212 132 127
2 171 160 155 240 148 188 215 47 13 92 229 172 140 150 132 134 43 151 213 150 136 6 237 46 84 62 203 214 150 175 205
35 189 49 26 217 213 148 239 223 89 169 29 172 220 102 132 201 43 194 21 247 43 122 247 43 92 30 122 90 4 139 214
97 48 227 84 205 108 97 91 115 230 110 12 16 133 81 60 57 204 34 24 17 126 246 64 93 30 81 44 235 224 102 112
40 181 241 67 209 237 225 215 123 49 108 24 24 151 204 52 9 26 66 24 19 58 248 247 111 28 20 110 195 192 198 240
94 107 227 84 226 104 191 198 185 142 118 171 44 174 197 30 39 127 245 131 0 219 164 234 91 102 127 139 231 117 39 239
1 64 127 73 12 207 235 88 236 0 247 2 211 153 60 100 120 12 122 106 129 177 115 212 71 184 2 0 83 139 97 160
193 40 90 81 112 188 120 2 191 81 102 157 189 134 198 120 38 41 114 28 39 220 246 81 70 184 16 64 8 132 75 220
171 57 104 64 117 221 211 82 65 108 252 173 42 157 214 180 156 186 215 81 223 58 244 189 119 89 0 251 95 142 94 255
108 51 157 78 120 223 83 88 166 168 253 108 243 211 201 114 88 48 110 74 11 3 251 29 223 137 35 57 82 162 100 51
105 47 11 166 112 172 107 51 105 200 107 72 191 163 144 112 150 171 84 28 159 154 192 15 254 253 34 104 234 130 66 137
25 41 237 101 21 95 97 18 103 224 78 0 179 9 144 112 96 164 110 88 141 184 117 12 199 233 32 1 110 137 82 40
3 83 199 15 34 2 175 52 44 66 123 231 241 103 189 70 118 103 63 238 225 145 21 105 36 46 238 128 45 242 33 89
1 209 63 37 128 142 167 55 116 65 98 84 147 17 16 32 42 46 50 73 217 184 21 100 228 168 50 64 105 145 163 128
233 35 65 201 108 191 107 80 45 100 255 222 155 6 146 245 110 140 78 238 153 182 245 212 214 56 162 112 47 143 82 244
218 114 26 172 41 69 25 65 172 44 131 25 158 135 34 91 164 53 237 128 72 71 144 64 209 241 58 187 0 0 167 83
229 120 159 113 149 239 99 146 120 234 102 76 150 21 65 57 129 124 96 90 161 252 241 40 205 255 117 82 200 121 71 51
221 70 22 109 48 46 111 56 116 138 123 228 223 99 137 209 22 228 76 110 105 148 69 14 228 239 33 132 106 243 2 1
25 27 91 101 242 214 121 115 37 77 119 180 25 167 162 112 102 191 134 136 145 152 32 196 70 237 178 192 171 129 227 241
59 226 236 77 95 19 184 121 71 228 246 202 105 77 151 182 63 189 243 189 199 247 231 220 94 47 161 181 103 166 122 252
222 171 254 53 226 138 191 243 184 190 118 161 13 175 227 19 38 125 231 66 112 209 172 96 124 129 111 133 101 240 135 227
216 245 30 124 138 72 53 239 178 31 230 157 63 183 10 19 167 151 237 128 106 73 147 87 243 227 116 5 104 144 167 26
110 171 234 68 240 155 255 241 162 253 124 173 112 237 215 20 62 238 247 92 146 122 174 108 126 9 165 237 199 167 222 209
221 111 69 103 48 10 111 56 100 236 203 196 251 66 153 116 18 100 108 110 233 148 237 47 224 233 33 144 34 183 66 96
197 112 153 97 160 108 117 151 108 235 38 84 158 19 73 122 129 84 108 90 65 4 241 34 197 191 86 4 200 113 131 51
150 107 250 117 194 202 55 99 176 166 86 171 13 183 193 27 38 253 229 226 80 220 164 104 254 129 111 131 37 241 167 227
56 187 255 117 168 223 84 55 227 252 126 97 51 189 135 51 142 183 245 1 204 248 226 8 207 251 101 131 97 160 70 219
109 177 189 99 173 79 87 153 106 248 45 8 214 85 73 59 149 20 121 58 219 112 249 16 207 217 69 116 192 106 198 114
145 185 158 169 174 139 180 207 110 36 210 167 151 152 114 64 226 3 111 85 222 189 71 17 200 129 63 213 60 8 169 11
41 25 99 68 86 186 227 114 101 224 254 142 58 164 181 164 62 172 66 109 129 185 52 76 86 44 0 0 111 173 114 244
154 255 98 64 83 215 191 116 33 76 252 175 8 158 54 180 46 185 151 227 205 155 52 255 115 73 138 235 103 6 47 255
155 99 98 8 98 145 254 80 171 68 213 175 41 206 247 148 54 169 215 239 198 23 164 219 50 89 138 171 55 134 43 213
75 97 75 163 96 8 104 80 36 96 83 197 157 7 154 240 110 141 127 221 157 146 213 64 212 41 170 192 44 135 58 209
108 248 156 186 57 205 82 232 159 189 161 9 238 219 74 16 217 251 223 82 78 79 90 189 251 215 5 123 18 11 6 11
171 219 119 93 109 219 164 53 237 88 114 224 234 28 148 167 142 52 254 75 197 233 103 253 6 122 112 146 78 140 91 189
34 46 106 26 228 185 238 103 223 6 124 171 32 200 182 128 217 170 130 7 230 58 110 255 38 31 144 171 85 220 222 204
244 111 236 39 172 14 71 188 96 166 161 9 211 105 89 27 24 196 105 111 104 102 201 40 228 171 101 52 65 251 82 32
33 125 82 90 199 191 230 87 125 2 120 76 42 216 181 180 184 170 130 14 199 178 20 255 54 92 4 10 91 94 234 140
131 98 65 75 100 25 233 21 109 103 247 244 169 6 158 236 78 140 206 142 199 180 229 192 6 56 146 128 78 150 239 252
237 98 192 64 236 59 68 9 83 226 117 252 75 0 223 189 27 140 230 62 237 118 229 146 22 95 85 183 255 253 218 148
120 111 83 200 240 195 111 223 37 12 106 224 51 199 161 116 116 154 7 234 75 146 97 27 245 172 164 136 50 210 230 105
216 92 254 246 19 232 51 130 168 198 78 161 45 247 3 90 34 247 237 194 36 221 160 106 243 231 90 3 164 113 47 90
124 173 19 190 73 197 87 232 187 142 161 9 126 251 41 17 217 251 79 98 106 99 218 63 249 215 65 62 80 99 38 234
163 250 117 85 110 219 172 53 89 250 114 250 248 24 148 175 14 124 86 105 229 252 101 237 38 26 117 178 79 188 219 173
76 186 157 175 56 205 114 184 166 253 140 109 255 215 192 82 6 124 238 90 3 73 203 61 207 211 101 244 186 131 7 251
82 17 119 141 22 134 188 39 172 9 91 247 124 190 52 64 230 55 63 129 209 153 17 207 53 38 234 194 60 2 161 51
219 123 7 164 59 23 186 88 173 204 218 231 237 206 179 212 254 229 255 231 197 147 133 204 178 117 139 138 47 167 43 85
35 249 225 67 254 221 183 246 207 104 30 238 184 156 214 164 175 86 255 85 215 57 63 245 63 28 5 230 95 158 213 253
255 33 97 76 93 95 194 105 75 236 181 13 74 76 223 149 152 140 206 110 221 35 125 156 179 88 1 63 83 46 94 244
45 183 8 137 213 255 131 251 70 125 61 46 146 4 234 128 89 10 134 56 27 58 121 181 108 5 169 245 217 11 220 243
71 22 222 207 176 50 122 17 43 143 223 246 200 114 207 126 215 231 188 146 148 192 233 194 14 62 191 194 142 227 168 7
168 18 117 25 100 201 241 80 92 85 114 127 131 8 151 41 202 168 6 81 132 182 100 144 68 24 114 65 85 141 86 207
56 249 123 108 80 196 95 116 37 12 124 130 51 151 160 48 126 184 7 200 74 154 48 61 119 173 36 136 113 146 230 250
92 0 27 228 32 98 107 80 165 136 235 96 95 215 169 208 112 189 221 234 9 147 0 76 145 229 171 132 34 35 39 33
155 180 128 197 27 31 168 250 23 168 20 222 13 239 208 164 61 221 215 189 35 126 159 155 159 71 45 252 255 172 11 189
173 255 113 73 242 11 111 184 51 224 124 236 83 71 221 52 31 200 6 126 251 54 109 63 110 141 37 228 255 179 194 241
80 36 157 254 24 36 75 156 50 23 175 29 119 103 9 90 53 215 105 28 42 67 219 47 217 231 80 24 160 195 39 58
97 48 184 101 140 127 80 27 106 235 47 8 215 57 82 58 145 86 112 24 157 112 209 0 207 207 117 53 200 98 74 18
21 153 141 15 156 111 167 139 70 233 203 2 211 100 9 96 89 206 106 8 25 177 127 62 45 38 37 20 233 123 212 244
6 185 191 152 111 201 176 192 142 53 16 43 140 158 100 10 234 57 251 81 18 107 146 241 31 17 27 127 144 9 5 195
137 222 110 95 100 181 167 254 84 94 116 246 104 108 183 101 109 106 134 235 229 190 62 255 102 43 254 136 95 221 125 253
82 90 220 223 43 158 90 176 175 128 198 229 239 231 163 214 102 116 237 78 69 201 91 173 162 243 65 19 58 167 8 29
193 124 191 116 32 78 117 55 248 234 38 72 182 183 65 115 132 116 125 8 225 221 176 10 229 255 116 0 64 240 71 123
101 255 216 66 248 47 111 220 51 250 109 236 83 231 207 60 55 222 100 254 139 82 255 114 126 142 37 236 235 243 198 241
137 53 117 67 245 191 226 95 127 233 61 84 154 56 157 180 159 2 86 60 183 184 125 222 47 220 38 70 219 206 203 157
137 157 59 87 240 172 225 55 252 11 119 80 190 179 12 113 133 58 118 8 179 252 48 111 79 255 50 64 66 192 195 169
127 251 241 70 235 90 111 181 97 232 191 232 74 53 213 182 54 244 252 234 217 123 173 232 62 60 69 222 231 182 230 117
62 90 115 72 59 243 147 88 141 136 253 232 110 221 165 228 222 57 135 98 129 163 40 223 147 220 3 186 87 175 47 177
121 143 109 101 180 43 79 191 85 236 190 236 211 41 146 112 21 198 108 46 249 184 109 62 238 239 37 212 119 250 208 121
83 32 14 161 1 220 104 21 101 89 215 32 146 19 210 124 72 132 124 220 30 216 231 65 150 248 178 193 34 132 56 78
252 207 109 111 172 66 79 188 97 232 252 236 243 37 145 51 88 198 125 238 233 122 237 45 246 235 229 148 111 243 246 121
200 250 28 186 104 205 51 220 174 188 144 109 190 215 66 18 134 121 239 83 66 15 202 117 220 149 43 248 88 27 7 155
125 105 233 161 240 110 79 156 51 224 174 204 211 39 209 120 87 204 93 254 155 18 253 34 252 205 165 244 172 243 82 112
167 255 241 82 255 249 166 204 219 249 56 248 74 248 221 188 191 74 198 95 183 115 174 243 62 30 5 254 207 223 218 149
232 172 188 122 137 237 81 143 219 23 165 24 190 255 72 27 129 51 233 16 58 111 250 51 203 219 84 123 210 72 198 42
210 176 122 147 211 224 56 7 51 85 67 179 12 150 14 89 38 159 121 145 54 220 183 87 150 32 154 195 165 0 167 94
19 207 106 175 102 128 175 246 28 66 90 231 57 14 178 65 110 171 23 207 229 152 5 255 100 47 250 128 61 155 33 217
188 112 110 234 109 239 82 88 135 140 253 41 123 221 59 16 216 184 247 106 74 39 90 155 195 217 161 189 115 187 94 211
40 237 122 106 217 205 87 246 3 37 108 9 48 189 34 16 9 218 195 64 82 58 208 55 127 133 20 105 115 218 206 234
39 221 231 95 252 39 231 254 87 74 126 70 112 125 189 101 93 106 55 110 225 248 111 255 39 62 197 128 247 255 240 253
50 191 106 68 53 223 210 99 121 232 189 233 34 28 148 177 156 186 213 33 253 171 96 31 59 92 33 243 69 14 94 127
29 97 59 72 13 221 199 72 198 0 238 10 211 217 61 100 216 160 106 106 73 35 243 28 241 237 131 28 81 27 116 32
137 9 99 76 87 254 233 86 236 64 254 2 24 141 183 236 106 174 210 156 145 187 52 78 87 45 34 0 199 205 97 236
91 88 23 172 47 182 26 16 133 192 207 199 205 199 35 196 86 36 239 110 13 129 82 156 146 244 138 154 62 191 57 81
141 84 239 229 98 22 111 24 52 194 86 230 113 103 155 107 54 100 63 238 225 212 53 74 100 43 238 128 45 243 97 249
17 200 19 117 48 206 103 179 116 65 98 64 243 49 16 112 48 52 76 104 105 184 17 111 229 174 32 0 104 144 227 56
37 125 153 131 244 235 163 199 30 237 60 239 16 44 231 40 159 58 130 21 147 176 104 186 44 20 173 246 205 91 208 253
10 187 247 67 114 201 187 244 175 221 126 228 56 157 212 180 46 123 247 211 211 184 174 229 110 93 46 194 71 134 231 249
19 78 243 191 54 128 175 48 60 4 91 231 253 111 177 68 118 123 55 205 193 144 5 239 228 238 170 128 53 182 33 249
43 87 106 74 116 253 243 118 73 76 124 175 50 60 182 33 156 186 151 37 165 186 52 159 119 93 32 163 95 142 94 255
187 98 2 1 69 159 232 88 19 169 244 254 9 141 210 173 60 157 247 205 141 254 193 144 22 89 49 169 111 12 26 157
92 19 82 236 49 178 91 80 165 140 239 32 78 211 163 116 126 180 204 234 12 131 32 206 242 245 131 143 34 183 46 37
33 149 115 73 80 199 239 117 69 65 124 66 48 23 164 52 126 58 18 232 211 186 48 221 103 60 130 64 83 130 230 184
205 70 5 101 33 58 78 56 97 234 234 72 207 99 145 247 18 100 76 110 233 148 229 142 166 250 65 20 34 247 66 100
77 6 87 101 97 58 110 56 97 234 127 204 207 35 129 255 22 196 204 110 169 144 101 12 134 251 97 132 234 247 74 37
168 112 96 49 71 157 160 80 93 120 119 151 139 13 22 141 110 184 167 21 131 182 85 144 7 81 114 160 127 141 95 253
122 191 122 74 67 217 243 100 105 68 124 45 42 156 102 181 174 171 134 66 214 42 182 253 115 89 0 107 119 6 111 223
255 45 106 102 125 219 82 104 195 236 189 41 75 220 255 177 152 236 213 103 172 163 236 156 179 217 1 191 119 47 94 215
228 181 28 106 152 44 81 57 178 21 173 25 215 119 72 19 21 147 105 188 58 66 218 23 203 235 65 124 192 194 162 50
95 53 71 129 178 59 170 232 45 224 26 231 205 46 151 165 54 197 223 247 149 208 29 236 188 80 47 198 47 55 9 85
77 59 93 111 56 237 115 24 174 236 191 236 255 215 201 82 6 120 238 78 131 1 251 61 214 201 33 188 26 163 7 113
125 178 252 103 56 95 81 57 163 252 191 172 255 125 138 54 158 245 252 44 141 226 235 12 203 255 101 147 226 166 78 119
186 124 106 72 83 213 250 98 161 76 252 135 40 222 55 20 108 185 151 231 236 155 52 255 51 93 138 139 55 23 126 222
77 161 152 30 168 45 135 142 94 163 141 8 246 240 75 160 147 106 120 29 18 64 207 51 201 143 29 60 208 123 153 32
131 219 119 95 104 156 164 52 237 88 114 116 174 220 148 230 134 49 254 79 193 173 39 245 4 122 114 130 94 132 67 253
237 51 93 111 40 221 83 25 231 236 247 108 251 215 138 242 212 60 236 110 139 1 235 29 199 249 33 188 122 163 70 115
119 78 228 70 75 63 151 104 203 238 189 170 106 108 135 191 60 228 234 102 164 103 109 252 18 10 65 183 227 255 94 69
94 47 254 164 162 178 63 224 161 148 159 163 77 239 99 19 167 245 237 247 28 195 142 192 250 225 111 205 167 231 47 67
92 57 191 246 131 234 55 67 169 180 175 8 30 183 65 59 163 245 249 82 80 217 184 104 219 193 69 51 160 99 7 99
218 240 26 176 11 232 48 71 173 23 203 183 142 151 106 91 231 157 239 129 10 87 147 193 213 225 26 11 32 68 175 91
25 219 28 161 182 154 124 23 102 105 218 231 255 8 146 224 230 183 236 149 204 184 69 189 228 231 190 209 44 158 137 25
109 97 75 163 96 14 111 80 36 96 199 198 217 7 154 112 126 140 91 255 197 145 245 64 86 105 170 192 47 151 114 208
35 142 170 30 237 189 246 231 95 79 124 13 42 232 182 16 249 43 194 13 150 58 14 255 54 31 16 107 217 78 251 205
35 188 82 88 67 241 102 123 127 74 120 104 40 242 164 244 123 186 146 168 213 186 116 223 54 28 0 42 219 230 234 157
35 85 105 201 126 151 207 126 93 104 92 230 57 60 180 37 94 57 23 237 225 58 100 223 38 28 171 172 125 142 81 253
105 242 97 3 100 152 97 16 109 93 243 108 154 146 222 113 200 140 126 216 207 146 227 65 214 56 178 194 6 135 86 79
59 114 229 77 77 87 137 89 70 236 245 238 9 140 214 164 92 140 255 175 207 55 247 221 83 109 171 189 79 174 126 213
173 238 97 65 214 31 239 254 118 226 124 214 81 1 213 165 127 204 22 254 233 246 125 126 46 143 37 228 255 249 98 184
124 113 189 99 139 207 85 73 170 245 39 8 86 87 72 59 179 53 121 114 81 113 248 16 223 201 69 119 224 98 199 114
144 61 123 181 2 234 181 103 188 230 74 163 181 189 1 3 34 55 107 1 48 248 132 74 204 161 126 1 229 96 7 218
189 109 233 65 212 15 111 214 113 226 110 78 83 35 209 180 125 236 20 254 233 214 253 42 111 205 165 36 239 242 82 184
65 148 31 101 148 110 97 55 116 105 107 80 215 51 8 113 128 22 104 40 57 184 113 13 229 191 16 64 200 192 193 32
90 217 83 175 98 192 191 180 60 65 82 227 189 135 168 192 102 95 183 195 67 152 133 237 100 161 186 128 45 147 33 185
193 153 63 253 112 142 121 183 59 89 118 84 124 183 144 85 54 47 55 92 179 216 177 125 111 186 112 192 10 128 163 121
65 143 159 103 52 236 98 54 238 73 106 68 246 161 128 114 160 102 108 12 21 169 179 33 207 254 50 18 200 66 69 47
120 140 61 127 180 239 67 55 116 43 234 16 243 49 0 97 201 118 108 40 56 188 113 47 237 239 114 80 192 72 212 42
244 228 157 108 24 110 75 154 50 63 164 24 147 103 72 90 17 212 108 186 42 71 243 19 193 175 241 60 128 241 102 32
95 8 215 28 11 222 90 32 175 192 235 197 111 230 39 214 230 229 253 70 5 193 255 201 18 122 65 26 58 167 40 84
87 11 248 143 182 48 59 136 107 133 95 163 77 234 207 90 119 207 44 222 150 144 237 224 78 44 175 197 165 243 33 69
1 148 63 126 177 236 55 115 253 11 111 16 254 243 44 112 181 51 120 8 114 189 50 111 227 254 18 66 64 66 227 43
167 251 242 82 248 31 175 249 123 236 117 236 64 230 207 53 63 254 70 254 225 115 188 122 60 30 5 174 203 242 194 245
236 176 189 99 141 109 81 153 122 59 165 24 214 113 72 59 145 22 104 56 58 100 251 19 207 219 85 124 208 72 198 34
139 220 44 223 229 245 191 254 94 94 92 183 248 124 191 109 223 122 182 207 229 252 127 255 103 59 254 129 95 253 253 253
143 182 116 83 245 191 248 23 93 251 55 84 138 56 182 173 175 34 222 61 183 252 109 254 46 94 20 198 223 204 216 133
223 123 27 170 106 209 191 220 174 204 208 231 253 206 227 114 166 121 255 199 199 7 174 255 180 193 43 170 60 23 47 221
130 138 63 185 46 201 177 64 158 53 83 179 148 158 96 73 230 57 43 81 2 92 2 85 133 128 123 107 16 8 37 163
169 212 109 91 253 255 255 255 87 127 125 30 120 125 190 165 93 90 147 46 231 254 122 255 111 95 245 231 91 220 220 255
132 222 154 155 182 161 49 218 30 23 83 247 133 131 40 72 119 25 131 16 50 148 11 243 196 38 58 67 148 89 165 161
39 221 229 95 253 223 239 255 95 123 124 6 120 249 188 229 89 98 51 78 243 232 127 253 47 30 85 150 95 254 208 252
251 251 226 54 247 150 126 245 115 204 116 239 107 184 215 180 182 239 180 213 221 250 188 172 62 121 4 235 111 150 250 223
134 176 101 187 195 224 57 203 62 87 67 177 157 22 76 89 55 155 51 145 50 212 223 81 77 34 218 196 129 0 167 210
165 0 77 205 124 155 74 24 69 0 245 206 211 64 189 164 94 168 22 110 137 166 101 156 6 185 161 152 127 171 88 36
31 95 103 189 54 2 239 48 172 66 90 230 253 107 185 96 118 97 31 239 193 128 6 233 228 236 170 128 61 246 33 145
145 69 107 70 2 78 175 112 244 194 247 2 243 68 181 33 120 164 78 238 233 167 52 14 241 169 42 0 97 115 99 224
223 251 70 162 163 18 62 224 185 240 147 247 77 202 126 219 246 229 253 231 252 211 156 192 186 113 207 199 47 55 171 22
205 12 239 101 98 50 235 18 116 194 86 130 217 39 147 107 54 116 63 254 161 212 181 72 71 107 231 128 167 241 97 241
194 90 151 181 34 42 56 22 169 234 210 229 172 38 129 223 166 117 253 145 165 220 133 200 132 242 122 130 140 244 35 29
32 157 115 73 242 199 231 119 77 0 124 66 48 23 164 53 122 58 18 232 115 186 48 125 101 136 130 64 83 130 230 168
47 213 108 91 237 255 255 255 95 127 124 23 216 124 190 37 223 82 183 46 247 250 127 253 111 95 247 231 223 220 220 247
171 212 108 95 237 247 255 255 95 95 124 23 248 125 62 41 223 91 183 47 246 252 123 247 103 91 255 135 87 220 252 255
34 249 107 184 95 193 179 198 142 72 216 171 32 220 102 64 236 187 147 209 66 43 210 245 117 32 138 251 21 12 52 251
173 244 110 71 242 15 191 253 114 250 119 71 89 127 159 21 63 76 83 254 224 245 57 94 110 11 101 164 239 182 235 211
135 188 118 83 245 191 240 227 253 219 118 20 140 56 54 189 175 35 146 29 180 252 54 254 14 30 86 66 207 76 203 133
34 111 234 70 242 240 190 215 123 137 124 232 40 190 215 180 63 255 151 145 158 154 164 235 62 125 188 171 231 214 174 141
187 205 70 79 9 23 71 236 37 36 230 8 106 66 142 181 88 196 232 238 108 151 109 189 178 250 197 23 115 182 106 108
146 201 82 81 211 130 108 103 125 1 114 146 8 139 52 80 234 187 23 200 82 156 20 231 62 56 146 67 103 128 225 134
215 27 103 133 226 90 175 248 61 224 82 230 221 6 149 231 54 69 127 239 245 221 165 238 188 50 239 198 46 181 1 117
86 67 235 142 150 98 111 204 98 229 202 135 81 238 255 90 114 207 41 247 140 19 173 96 48 36 143 37 181 243 100 112
178 92 43 220 87 247 154 118 149 74 248 103 56 158 55 32 236 187 151 227 237 143 48 255 115 94 138 139 95 21 118 255
230 252 133 176 201 237 68 142 163 251 160 29 134 243 65 155 129 198 237 80 59 79 218 50 153 210 85 127 202 117 134 26
220 226 254 240 131 75 53 193 187 183 39 187 79 223 106 27 55 213 237 242 98 85 136 16 219 195 117 119 226 178 143 99
220 224 188 114 139 239 81 197 251 63 37 56 94 151 72 27 161 20 236 16 50 117 136 18 219 195 117 119 224 34 199 35
122 232 231 30 11 83 150 236 203 230 160 137 106 236 63 182 154 245 249 99 77 103 190 249 51 94 69 63 87 127 110 94
131 218 247 95 44 157 172 20 239 90 114 244 172 140 148 167 166 113 126 79 199 109 183 243 4 56 90 138 78 149 67 189
211 140 7 189 130 198 45 39 188 83 194 151 189 38 34 67 231 39 56 5 117 205 55 239 161 50 90 2 40 68 161 92
193 193 119 89 96 206 233 188 235 89 118 84 252 215 156 125 38 14 51 204 211 220 179 245 15 58 82 64 74 128 227 249
163 29 125 207 118 7 191 116 76 104 92 230 249 61 180 33 94 59 23 237 225 184 101 221 103 89 170 144 85 138 81 249
58 181 122 104 114 221 251 124 41 76 124 175 58 157 190 48 190 155 151 99 134 59 48 253 119 93 32 235 85 14 103 219
31 140 129 169 147 167 58 154 30 67 74 215 157 103 35 200 119 11 155 148 23 144 25 215 173 231 26 196 186 95 169 17
72 156 191 127 180 239 81 182 116 11 110 24 247 49 8 120 193 118 108 8 56 184 81 63 205 231 112 80 224 72 196 43
138 32 103 153 111 211 216 72 31 245 208 147 8 142 119 140 250 137 179 133 6 215 55 221 18 90 155 183 23 140 37 214
113 109 57 108 29 205 71 107 87 8 184 8 178 216 49 48 216 184 78 107 107 35 122 63 241 156 1 56 80 122 82 34
208 131 30 188 42 200 53 39 172 23 71 177 175 183 42 83 166 19 237 0 114 13 3 85 241 227 122 11 48 0 165 43
34 170 234 26 117 153 186 225 222 69 112 143 160 204 54 0 200 43 131 5 150 58 46 241 76 22 154 233 213 14 87 222
211 92 87 21 162 122 188 162 188 250 26 231 189 62 165 235 167 119 252 103 245 221 53 110 176 34 126 130 45 117 1 93
173 236 229 85 212 31 237 247 85 186 118 82 81 32 213 189 121 238 18 190 233 254 125 110 46 10 213 36 235 248 250 172
93 101 75 227 4 14 239 208 36 96 239 134 219 71 25 112 120 196 91 238 201 145 125 64 247 237 138 4 47 179 115 160
89 131 74 167 182 138 126 55 37 101 94 231 255 143 146 80 118 175 63 141 222 152 197 159 246 229 160 128 46 142 136 89
210 228 30 184 74 101 61 71 165 31 193 27 21 151 104 91 227 149 127 128 56 7 130 64 209 225 90 111 160 64 167 131
8 140 179 122 241 236 115 226 255 3 107 16 254 243 40 112 177 59 34 8 50 249 26 119 203 254 18 74 194 65 227 34
144 202 27 185 50 192 57 7 190 29 82 177 189 151 160 72 166 57 47 144 66 156 2 117 193 163 58 201 16 0 165 107
7 45 163 129 182 235 175 199 30 225 26 130 149 172 247 44 223 43 18 29 23 184 116 186 44 20 29 32 213 95 145 252
190 126 110 52 127 219 82 96 241 228 245 169 75 220 55 177 186 241 213 99 236 231 36 142 243 217 1 187 101 175 94 199
191 123 114 124 115 146 82 80 241 196 244 172 11 194 167 181 254 249 196 226 236 167 52 174 179 253 0 11 99 181 110 101
155 76 238 253 38 50 123 50 213 194 86 130 249 63 181 227 118 245 181 239 168 156 36 174 199 235 234 129 55 253 113 121
171 98 102 128 108 25 248 64 5 116 245 175 9 140 247 15 110 137 215 239 204 55 231 208 22 88 232 171 119 159 122 197
14 149 62 251 188 191 248 159 191 57 223 50 223 255 184 72 231 19 127 153 178 201 107 247 206 255 63 212 150 201 145 129
237 99 236 54 108 25 253 216 251 190 181 189 203 232 223 27 138 196 231 79 236 103 238 226 86 123 117 189 71 189 94 197
6 176 153 185 192 228 168 155 54 27 66 80 149 23 72 216 109 155 179 145 27 28 211 81 141 215 250 196 152 0 175 178
62 23 250 243 241 189 122 83 23 45 125 191 11 175 110 24 255 155 135 148 190 184 104 146 207 221 161 229 247 205 204 211
215 92 149 165 162 110 191 179 188 250 18 247 221 62 129 239 167 117 124 39 229 212 181 66 132 98 111 150 44 117 129 117
42 238 211 78 115 240 106 222 59 77 125 204 40 230 198 180 63 251 134 156 135 186 174 107 62 116 20 171 195 215 174 253
94 182 154 178 186 192 58 235 163 133 139 173 237 231 74 82 183 243 237 145 94 75 138 99 248 229 47 251 160 38 175 83
226 189 63 88 203 228 145 239 235 88 160 25 28 218 36 115 128 19 217 209 114 75 146 117 89 56 74 127 81 64 167 227
42 108 42 92 93 241 144 102 220 132 220 10 168 156 55 164 200 41 219 1 134 171 102 221 115 29 154 59 87 12 93 206
73 159 63 109 180 174 127 183 125 73 126 68 255 51 146 112 167 71 124 92 243 185 49 111 234 255 54 192 202 192 225 121
189 69 66 226 149 55 79 248 85 130 255 10 83 99 57 180 120 204 20 238 233 147 125 142 243 237 131 20 107 251 122 32
140 183 191 63 249 175 53 251 251 255 109 29 253 255 10 17 183 127 225 21 182 252 186 127 111 255 85 111 194 230 199 211
8 183 191 127 185 207 181 255 127 238 254 45 239 253 10 4 151 127 239 33 208 237 123 31 239 255 85 83 66 238 199 251
35 238 234 91 242 209 190 207 126 75 116 177 57 254 238 40 63 91 150 144 199 254 174 115 46 62 54 231 205 212 235 221
207 182 135 149 163 50 172 149 188 251 131 245 220 230 234 207 119 71 248 181 181 213 175 66 156 39 255 196 142 103 169 117
221 18 7 175 58 162 11 16 164 200 195 247 245 198 162 99 118 37 125 239 169 197 175 10 192 225 171 144 44 163 33 113
118 249 227 236 214 4 71 223 3 136 216 239 49 254 125 80 124 222 53 227 200 3 142 232 185 44 175 174 181 122 242 179
199 94 111 197 98 6 175 50 124 226 86 198 145 6 151 103 38 253 123 239 225 220 181 238 52 42 239 128 45 177 49 245
238 99 236 182 108 73 237 232 187 246 181 187 203 205 223 27 74 196 231 103 72 102 238 160 86 121 229 189 103 189 86 226
178 28 107 156 95 231 158 99 157 74 216 39 56 190 53 0 236 179 151 131 169 143 80 239 115 54 154 139 29 108 52 251
91 24 103 231 38 6 111 49 5 202 95 230 253 23 176 102 70 61 53 175 201 148 101 204 228 250 234 128 46 162 49 49
195 92 179 94 45 157 172 214 255 90 210 84 174 152 245 239 167 113 126 79 231 37 183 243 21 56 90 154 90 117 41 61
186 157 122 104 118 231 187 250 25 76 252 167 24 29 54 33 238 153 151 225 162 187 48 223 83 73 42 207 117 137 103 219
215 226 134 164 34 2 190 200 187 242 147 255 76 202 95 139 183 197 127 231 229 85 141 226 176 82 207 166 13 117 43 20
3 173 171 129 151 235 175 199 14 229 72 130 181 60 114 36 43 107 18 157 19 184 117 170 173 4 159 65 245 94 149 236
31 29 129 169 145 183 46 223 23 107 74 87 140 55 33 204 245 43 155 148 183 152 17 254 173 86 159 70 154 92 161 94
82 167 66 160 250 128 58 41 174 133 139 237 205 199 66 80 55 159 239 181 18 75 143 87 188 4 47 237 36 166 167 81
184 117 57 110 61 207 87 109 94 40 248 40 246 241 33 49 216 186 78 96 104 35 88 31 241 213 37 58 80 122 66 43
24 204 83 140 83 210 170 230 172 0 106 66 45 130 161 196 98 43 130 168 34 155 4 239 50 229 10 1 39 134 43 140
162 234 42 59 117 137 179 65 94 77 80 135 172 204 54 0 250 41 19 85 134 190 6 255 68 20 43 235 85 12 119 222
136 168 158 187 128 228 57 134 166 27 226 17 151 179 72 91 197 219 111 208 58 222 195 33 197 227 250 197 128 81 167 138
163 169 230 85 205 23 228 103 215 179 246 16 224 40 150 175 73 102 98 28 245 239 119 236 14 26 215 16 199 40 250 172
72 132 223 127 240 169 113 183 247 17 110 40 255 243 8 89 19 182 110 24 18 248 75 53 207 247 112 64 226 200 128 43
12 220 150 90 213 236 97 202 255 27 109 16 124 243 45 252 177 27 34 24 18 103 26 119 91 191 83 79 210 3 105 162
223 30 238 149 166 50 189 18 188 206 214 183 248 46 151 107 103 102 253 205 164 221 167 106 198 43 254 129 140 245 61 121
182 92 126 124 83 150 90 98 249 134 246 151 11 142 39 221 238 245 196 226 236 231 52 238 179 251 70 11 107 53 110 214
29 252 114 70 139 23 191 252 100 238 191 70 89 213 190 36 63 100 127 238 193 231 191 238 121 79 111 148 79 183 227 241
190 67 103 139 110 89 254 64 69 116 245 175 75 12 191 143 110 140 215 239 204 55 101 160 54 73 200 185 103 159 126 212
156 30 94 188 34 34 91 82 176 142 209 247 87 103 33 91 254 241 21 167 40 215 0 14 208 227 235 128 40 113 39 19
182 212 46 254 141 55 150 254 212 10 221 115 96 124 62 101 89 114 147 227 252 167 10 191 99 71 207 135 55 125 252 214
154 112 98 136 79 19 184 72 15 98 209 215 8 158 117 204 126 153 179 195 132 151 87 208 19 81 154 191 63 31 57 150
251 72 67 156 31 208 94 66 157 64 192 139 42 214 55 244 106 233 155 198 108 15 52 251 179 120 130 27 54 157 56 78
9 135 34 170 116 172 106 112 103 65 91 197 191 235 186 240 118 170 23 157 159 152 12 245 254 125 162 200 190 143 120 80
86 12 166 222 130 38 63 166 181 142 203 51 120 255 45 75 117 247 61 163 252 197 139 234 179 46 222 130 161 115 161 11
3 168 246 19 229 189 176 71 255 29 118 21 172 168 54 13 169 43 162 21 150 248 38 229 14 30 86 67 199 12 255 206
34 230 234 79 240 176 190 199 122 13 125 224 41 238 222 48 255 219 151 145 150 154 172 227 62 45 174 225 197 214 254 141
26 110 163 173 19 224 159 206 7 5 204 163 40 239 33 132 88 187 131 129 10 131 106 249 177 229 142 11 247 87 38 234
7 157 62 59 179 166 186 247 172 9 202 0 156 58 50 96 239 35 27 157 181 152 16 124 233 31 10 192 152 64 169 131
43 179 234 27 213 253 181 87 95 77 124 189 32 252 190 36 188 42 130 21 150 186 102 189 111 31 52 131 211 76 222 255
59 237 99 199 212 155 238 252 87 224 250 198 123 232 181 164 122 234 86 237 237 187 77 255 60 12 167 164 127 190 122 140
184 98 225 37 87 75 235 72 86 229 225 219 73 12 80 128 121 140 3 189 59 254 221 142 93 15 155 116 231 172 116 248
10 216 227 217 83 209 185 198 31 5 126 163 40 142 100 228 127 187 179 144 2 56 54 243 31 20 154 203 247 12 37 254
8 184 136 233 176 210 56 155 62 49 78 176 157 151 226 248 195 25 183 144 23 156 17 83 206 197 186 229 158 128 141 146
94 156 210 201 179 250 58 131 61 35 78 178 141 54 164 244 71 22 188 16 23 152 85 151 142 247 154 199 174 196 152 20
67 204 51 152 45 157 236 230 253 90 176 80 172 152 245 237 233 97 126 15 199 47 182 243 145 126 218 58 88 85 251 172
55 122 114 75 83 209 190 196 86 65 248 226 41 142 183 160 126 187 146 210 199 190 36 255 54 13 170 193 125 27 106 156
223 18 39 225 164 102 45 31 116 123 195 246 221 23 152 111 103 23 61 157 179 212 53 192 199 250 250 196 174 213 177 113
18 173 175 147 149 227 167 231 15 197 74 2 180 60 50 36 233 107 27 145 27 152 57 255 173 22 158 67 132 74 149 126
254 69 98 74 207 87 206 249 193 98 249 207 75 12 61 165 120 196 215 231 236 35 28 140 51 73 192 191 119 255 254 150
79 223 181 187 170 252 61 158 174 95 11 245 253 22 201 127 167 83 125 223 211 92 251 241 204 243 126 196 158 85 133 121
154 156 104 249 83 199 185 115 21 68 213 179 189 31 50 33 238 185 151 129 252 190 80 223 199 201 170 195 53 12 167 211
190 69 122 204 79 49 222 104 133 166 253 43 72 216 63 133 254 185 151 231 76 35 10 216 242 73 203 63 119 127 126 134
184 117 90 108 55 75 23 125 125 166 244 40 255 241 40 145 178 186 206 96 105 191 8 31 240 199 37 59 122 58 207 43
26 82 34 185 54 129 179 71 222 68 80 167 172 205 50 0 250 41 147 85 194 189 0 223 224 20 26 99 93 12 189 219
223 182 133 19 139 120 46 187 62 255 143 253 205 102 202 223 39 71 234 158 183 85 175 243 158 195 127 229 170 199 139 85
138 29 11 187 71 225 188 103 156 8 88 163 180 223 32 193 204 59 147 129 67 154 66 221 229 17 234 139 20 24 189 187
189 78 97 124 117 87 71 248 85 206 116 76 115 97 179 181 88 232 6 110 233 182 102 174 226 255 229 8 123 253 122 224
195 16 171 244 38 70 121 23 185 75 150 118 188 31 177 107 230 23 29 137 161 205 177 202 215 59 250 128 12 128 53 123
189 78 226 108 85 119 79 250 85 206 254 6 67 105 183 181 88 236 6 238 237 182 117 142 243 239 229 5 251 255 120 228
12 184 159 187 161 236 105 150 182 31 202 53 191 147 73 90 193 255 237 210 26 220 219 49 205 243 254 64 138 211 7 26
54 47 74 162 240 171 90 81 61 165 121 237 143 239 43 24 223 171 7 148 30 154 72 228 222 213 171 224 172 207 138 211
38 206 36 255 172 39 158 174 150 18 216 147 224 105 60 73 221 82 59 39 248 97 75 189 42 62 223 94 148 249 176 6
215 150 231 87 167 114 124 183 241 211 95 246 73 126 159 239 247 247 189 191 189 212 189 194 42 122 223 198 175 247 252 117
190 97 6 140 77 133 194 104 131 184 241 75 64 216 125 135 216 252 211 227 201 99 138 152 48 80 129 190 91 63 122 134
8 173 234 92 151 146 191 231 238 13 124 2 233 233 62 128 90 107 147 217 82 171 6 109 107 77 47 225 199 66 235 138
90 167 64 169 218 130 47 41 54 228 139 133 205 199 66 208 119 189 251 181 122 11 205 95 188 69 139 253 36 134 175 208
161 232 172 87 13 223 165 39 222 255 182 22 226 40 214 46 201 102 106 9 245 237 119 162 13 30 215 19 77 40 220 204
100 145 215 91 217 252 97 149 239 17 111 24 234 243 136 254 35 190 106 24 19 248 250 117 15 184 80 66 226 194 194 165
223 182 231 71 131 114 111 185 55 255 79 247 73 38 222 239 55 70 253 158 189 212 173 227 14 126 223 198 174 231 245 117
215 182 231 55 163 118 124 167 251 243 19 247 72 254 222 255 183 199 253 181 189 213 191 194 170 122 223 199 173 244 253 85
20 212 150 74 27 246 178 202 239 29 237 0 78 243 45 92 241 89 234 16 2 163 59 125 27 246 19 79 210 67 101 131
91 147 167 165 34 102 57 17 169 89 95 231 157 63 154 102 166 23 189 165 145 144 177 193 197 113 170 134 46 198 53 243
86 7 166 222 154 38 14 237 16 138 203 227 112 122 61 75 125 247 61 227 184 195 139 232 248 46 239 128 165 115 176 2
59 79 110 175 22 147 238 244 5 160 218 199 123 200 179 192 126 237 63 239 204 187 69 253 242 109 174 144 61 190 248 136
59 207 70 172 28 147 206 252 214 160 210 199 99 232 183 193 124 228 255 239 236 187 15 191 186 111 175 148 61 191 120 12
234 41 98 154 117 249 248 67 153 69 85 155 44 204 118 17 234 171 147 149 182 10 166 255 31 89 154 235 23 13 119 222
59 233 71 199 84 155 238 253 93 224 250 198 123 72 180 164 122 234 86 239 205 187 77 253 60 76 167 128 111 158 250 140
214 108 15 180 8 237 146 98 174 234 137 9 182 222 67 3 160 97 123 195 108 69 154 125 209 129 235 57 0 121 37 66
100 177 120 234 252 169 127 255 47 41 125 42 223 251 248 112 127 219 63 217 154 58 107 245 254 156 167 236 180 202 225 161
227 53 114 152 255 181 184 67 217 77 85 63 12 220 246 181 174 171 147 149 150 47 182 214 31 24 26 235 159 12 171 199
32 236 164 151 45 159 164 167 222 163 154 19 226 248 86 38 201 102 106 1 196 252 223 179 77 22 87 19 205 60 217 14
190 13 110 124 245 51 95 248 85 134 252 155 75 109 63 185 89 240 151 231 236 167 108 174 114 255 197 17 247 255 124 70
71 249 189 187 234 236 61 156 175 91 9 228 252 247 201 123 167 91 127 222 211 64 251 113 143 146 127 238 152 211 133 113
2 189 131 155 149 197 50 231 159 73 74 7 180 220 40 160 201 59 155 145 55 137 57 255 175 22 158 67 24 14 181 94
66 217 62 142 74 192 189 100 140 89 78 163 52 150 38 66 102 51 51 195 65 26 146 117 117 32 234 138 29 18 165 219
70 206 132 191 141 35 134 174 22 183 138 67 194 105 53 202 217 70 43 5 24 104 75 187 168 182 221 92 148 122 144 10
126 139 134 174 155 2 14 169 130 149 202 66 64 227 105 214 81 199 41 243 88 203 203 232 184 38 207 92 161 102 160 32
202 28 255 245 102 228 57 22 188 83 86 179 189 191 32 107 102 63 55 128 33 220 179 194 199 251 250 130 164 192 37 123
174 93 110 254 221 243 223 105 145 6 125 27 105 239 63 17 251 243 147 163 108 39 56 254 115 127 197 11 247 127 252 242
71 217 191 243 134 108 109 158 63 91 91 86 213 55 121 107 103 87 63 223 211 84 59 241 141 186 254 196 172 209 161 113
138 60 107 187 85 233 184 66 25 69 80 155 172 220 54 1 232 187 147 149 54 62 18 255 215 81 154 235 21 13 119 218
138 148 46 185 37 193 184 115 140 87 85 147 157 159 50 1 238 179 151 129 112 140 18 213 199 211 250 193 20 12 181 218
36 173 113 203 246 139 111 253 95 161 121 202 91 231 252 116 126 218 23 248 211 186 108 255 62 156 167 236 183 138 242 161
42 185 42 107 211 221 187 231 175 77 124 5 40 252 62 0 188 59 147 85 214 184 56 245 111 93 14 67 211 14 191 223
218 158 174 186 79 244 185 150 153 95 84 183 172 189 114 75 231 115 181 145 166 76 162 227 219 115 250 203 182 69 61 91
214 90 151 183 42 90 176 65 173 158 179 245 236 206 161 139 166 117 236 67 36 229 171 224 144 242 107 147 64 37 37 119
92 237 84 6 91 25 166 236 171 160 42 8 110 208 205 182 50 245 248 115 66 33 139 123 186 5 5 55 99 55 11 8
40 175 200 73 126 147 146 111 66 33 124 163 41 169 214 144 91 74 135 144 22 42 205 191 110 69 191 253 255 142 218 139
67 148 155 154 176 228 172 135 238 91 66 116 180 186 44 232 199 3 58 149 151 141 50 119 136 54 186 202 152 0 161 77
213 90 31 177 42 43 56 178 252 190 18 244 213 46 193 75 167 117 108 243 229 197 167 108 140 130 127 132 132 113 1 17
19 220 158 186 210 164 60 199 174 27 8 69 53 218 36 80 167 51 31 149 214 9 18 117 186 165 62 203 152 80 169 11
154 94 122 238 18 210 159 246 164 14 222 162 41 175 167 96 103 251 157 128 108 15 36 255 242 229 174 131 53 242 45 59
51 1 99 76 71 119 173 105 76 192 245 10 112 220 181 165 120 168 18 235 137 163 52 204 49 40 194 8 95 254 114 236
25 208 51 106 27 197 147 237 110 65 237 2 126 210 42 36 248 24 90 64 71 43 56 159 241 236 10 62 91 2 99 142
146 122 38 156 34 130 185 228 168 88 210 231 172 198 167 199 230 117 253 199 225 193 134 237 144 50 250 130 12 21 39 253
221 30 251 101 244 46 107 19 120 143 118 80 151 51 145 120 118 108 68 40 184 188 225 10 231 239 48 0 224 225 66 33
130 205 103 217 148 131 172 231 156 0 80 67 48 8 52 65 104 34 19 197 243 185 4 253 36 8 142 192 21 152 240 136
98 164 156 85 201 60 176 111 234 191 172 24 104 248 70 27 137 78 226 48 20 107 211 64 31 30 85 127 201 100 202 142
53 93 99 78 212 31 230 248 85 192 241 78 115 72 189 164 120 224 18 111 249 179 61 191 50 78 129 16 127 191 242 180
43 237 128 75 157 157 70 39 143 33 137 8 226 233 92 132 136 34 123 12 95 40 219 151 47 92 133 91 74 14 216 12
30 180 164 27 137 125 21 136 159 63 173 17 202 253 79 222 201 211 233 147 62 101 219 243 139 87 85 127 211 119 140 86
