3 201 98 72 84 145 174 229 68 192 116 2 40 10 182 100 106 42 18 201 198 170 36 253 42 8 134 128 87 156 112 236
2 197 2 136 148 130 172 103 4 1 90 2 32 42 32 64 104 42 19 128 18 184 0 205 32 36 154 192 148 8 176 8
2 129 106 136 20 128 168 96 4 65 82 131 32 142 48 64 106 35 19 149 146 136 0 221 0 36 138 192 21 8 49 208
2 0 43 200 20 129 137 96 68 0 80 194 48 12 48 64 76 41 19 129 130 160 4 221 0 32 170 128 21 8 48 160
35 232 98 196 84 145 168 100 100 0 114 2 40 136 53 32 104 169 19 193 198 186 36 205 22 8 138 128 69 12 113 140
35 73 98 140 86 145 186 100 68 64 80 131 40 140 182 96 110 43 147 213 198 138 36 253 34 8 138 128 21 140 49 220
35 201 106 140 86 145 170 228 68 64 80 199 48 12 182 96 110 43 19 213 199 138 36 253 34 8 170 128 29 140 121 220
2 32 114 136 116 129 184 64 141 1 112 2 172 138 52 0 238 57 23 145 130 136 2 221 4 28 154 138 20 0 35 137
50 73 66 200 84 147 110 244 5 128 116 2 32 139 181 80 72 168 23 218 74 170 32 253 58 136 132 136 55 152 112 136
2 149 146 136 22 128 184 99 12 1 90 226 44 158 32 64 238 59 19 129 82 154 128 197 40 36 154 202 21 0 161 139
2 213 34 140 16 129 184 103 4 69 90 167 40 174 50 64 108 43 147 133 146 152 4 207 40 6 154 192 21 12 180 216
112 4 238 220 92 2 232 104 95 128 242 2 64 234 52 65 120 229 55 161 168 243 15 207 22 46 227 0 101 168 112 0
2 183 34 136 86 160 184 67 44 65 88 163 44 142 48 64 110 59 147 133 146 152 4 221 36 36 138 138 21 68 165 217
34 32 98 201 102 152 248 80 9 0 116 130 40 143 244 96 238 41 23 8 130 144 166 193 6 56 138 232 39 140 82 141
2 161 42 136 86 129 184 97 12 65 82 131 44 140 50 0 110 41 19 133 194 152 6 213 36 1 170 136 21 12 177 216
2 178 34 146 87 192 184 99 152 69 88 179 44 158 114 64 110 59 147 145 82 152 134 199 28 4 154 203 5 12 181 211
2 160 20 153 126 131 184 200 30 176 80 194 236 202 96 192 127 91 51 160 2 112 75 223 28 22 143 174 29 8 9 129
3 9 98 72 84 147 174 113 68 192 116 2 40 10 183 100 106 42 18 200 197 170 36 253 43 8 142 128 87 140 112 172
3 9 98 72 212 145 174 229 68 192 116 2 40 10 183 100 106 42 18 218 198 170 36 252 34 8 134 128 87 156 112 236
2 8 114 201 95 128 168 64 236 0 80 2 44 136 53 64 110 41 19 145 128 184 146 196 23 56 138 72 69 8 33 128
2 181 50 137 83 224 184 99 40 73 88 163 44 158 34 64 110 59 147 129 146 154 0 221 0 36 138 203 5 68 181 211
2 133 34 140 22 160 184 103 4 1 90 131 44 142 48 64 110 59 19 133 130 152 0 205 32 36 138 136 21 0 161 152
2 169 2 136 84 129 138 97 4 0 80 2 32 138 48 64 72 42 19 209 82 170 0 253 56 0 138 200 21 8 48 136
50 73 66 200 85 135 74 101 5 128 100 2 32 139 53 80 88 168 19 248 72 186 16 220 59 8 134 64 55 152 112 136
54 105 66 200 84 131 78 69 5 128 116 2 32 203 181 80 88 168 23 250 74 170 0 220 58 136 133 72 55 154 112 136
2 165 10 161 20 130 40 103 4 129 90 130 49 134 32 64 110 43 19 144 82 152 0 77 104 37 174 192 20 8 176 136
130 20 166 154 239 116 184 3 158 95 81 179 140 190 50 75 199 19 179 145 54 205 58 194 13 50 218 195 148 76 181 215
35 0 98 140 84 146 168 96 76 64 80 2 40 136 182 96 106 169 19 129 196 178 36 205 18 40 138 128 21 12 113 204
2 133 34 136 82 161 184 99 44 69 88 135 44 142 50 64 102 59 147 133 146 152 6 213 44 0 138 192 21 4 161 217
34 48 50 136 119 133 184 64 13 9 80 35 44 158 100 0 238 57 147 21 130 154 2 209 17 28 154 234 21 12 51 147
39 77 96 138 132 49 142 204 68 64 89 135 64 76 191 96 92 75 147 231 197 34 44 177 32 8 142 160 85 127 240 212
162 169 98 136 84 131 168 97 4 64 80 131 40 140 54 0 104 169 19 165 240 190 4 223 48 8 138 192 21 12 176 216
3 201 98 76 85 151 170 100 68 192 100 2 40 10 182 100 104 42 18 200 198 170 52 253 35 8 142 0 87 140 112 172
50 73 66 200 84 131 74 101 5 128 100 2 32 139 53 80 72 168 19 216 72 170 0 253 50 8 134 8 55 136 112 136
34 169 2 136 212 129 142 228 4 128 80 2 32 138 49 64 72 42 19 209 66 170 0 253 56 0 142 200 21 8 48 136
2 131 35 136 22 128 168 231 12 1 90 199 44 142 48 192 110 59 147 149 210 152 4 221 40 36 138 192 21 4 185 152
58 104 98 204 84 147 107 112 5 192 84 130 41 205 181 4 104 168 23 239 200 186 36 237 114 72 128 128 39 174 112 232
130 4 2 152 84 163 168 66 20 1 80 18 8 10 48 73 108 9 19 145 34 134 0 215 0 0 154 192 21 8 49 128
35 201 98 140 85 193 168 101 64 0 192 10 32 136 52 96 72 168 19 129 68 171 20 221 49 40 138 105 21 12 118 142
63 137 98 200 84 129 234 113 69 64 213 2 35 201 52 32 88 168 23 235 204 187 4 221 114 72 128 232 119 142 112 132
34 0 98 142 68 131 138 104 68 0 81 131 96 76 60 64 88 32 19 167 128 160 8 253 0 40 138 128 85 15 112 192
2 129 2 137 20 130 40 101 4 1 82 130 40 134 32 64 110 43 19 128 82 152 0 205 32 36 138 192 20 8 176 136
2 129 34 136 22 128 168 71 14 65 90 2 44 138 48 64 110 43 19 145 210 152 4 221 40 36 154 128 21 4 177 136
3 73 106 136 86 145 186 103 68 64 88 135 49 142 182 96 110 43 19 197 199 170 36 253 106 9 170 128 93 136 41 204
2 225 34 128 22 129 184 101 12 65 80 131 44 142 114 0 46 43 19 133 210 152 6 213 40 4 138 224 5 4 177 201
2 161 130 140 20 130 40 103 4 129 90 130 40 134 32 64 78 43 19 144 82 152 0 204 40 36 142 192 20 8 176 136
2 41 2 136 84 129 142 97 4 128 80 2 32 138 49 64 72 42 19 209 66 170 0 253 56 0 142 136 21 8 48 136
162 169 66 136 84 129 170 230 4 0 88 2 32 138 49 64 104 43 19 209 66 138 0 253 40 0 142 128 21 8 113 136
162 41 98 140 84 131 168 97 4 192 80 131 40 140 52 0 104 169 19 165 240 174 4 207 48 8 138 200 5 12 240 208
35 104 98 140 85 144 168 101 64 192 64 2 32 136 54 32 104 168 19 193 196 186 180 205 49 40 138 8 5 12 114 204
162 41 98 140 84 131 168 97 4 192 80 131 40 204 52 0 104 169 19 197 240 170 4 223 40 8 138 168 21 12 114 216
2 161 42 129 86 128 184 97 12 64 80 135 44 142 50 0 110 43 19 133 210 154 4 221 0 1 170 232 5 4 177 208
58 104 98 196 84 131 107 113 5 224 86 131 41 141 180 4 120 168 23 239 200 178 20 236 114 72 132 128 39 158 112 200
82 8 98 160 84 137 232 64 173 192 210 10 44 136 53 0 42 161 23 225 128 179 4 220 20 8 138 128 101 13 49 72
2 149 19 137 54 162 184 99 44 1 90 226 52 158 32 64 230 59 19 129 19 152 0 207 36 52 138 194 20 8 177 139
2 183 34 128 22 225 184 99 12 5 90 167 44 140 50 0 110 59 131 145 146 152 4 213 8 4 138 195 21 4 181 218
50 8 98 164 84 131 232 116 37 64 210 3 40 137 54 0 106 169 23 165 200 187 4 204 18 8 138 128 39 140 112 72
2 131 34 140 22 128 168 103 12 69 90 135 44 174 50 64 110 43 147 133 150 152 20 221 40 36 154 193 29 12 181 220
2 193 34 136 20 128 168 69 12 65 82 2 44 138 48 64 106 41 19 129 194 184 4 213 32 36 154 192 21 12 49 200
2 4 10 144 87 196 184 66 60 3 66 18 172 142 48 64 226 59 19 145 18 156 16 206 29 20 154 73 128 0 33 138
61 160 105 107 84 19 203 216 71 96 245 74 83 65 252 164 88 136 22 234 139 50 125 145 83 201 161 60 119 171 80 160
162 9 98 140 84 131 168 97 4 128 80 131 40 140 52 0 76 171 19 197 208 170 0 223 32 8 138 136 85 12 114 136
42 73 98 204 84 147 239 116 5 0 116 130 41 143 181 36 104 168 23 236 200 186 36 253 114 104 128 128 55 188 112 236
2 128 34 202 20 129 170 96 4 0 81 130 40 14 52 64 76 17 19 131 130 128 4 253 0 40 138 192 21 15 48 128
34 0 98 204 84 131 168 64 4 0 80 131 40 140 53 0 104 169 19 133 128 162 4 205 16 40 138 136 21 12 112 216
2 132 130 137 22 160 168 99 44 1 90 146 44 142 48 64 110 59 19 129 18 152 0 207 44 36 154 192 132 0 161 136
34 169 74 136 84 129 170 230 4 0 88 2 32 138 48 64 104 43 19 209 66 138 0 253 40 0 142 192 21 24 113 136
130 169 2 136 84 129 170 102 4 0 88 2 40 138 48 64 106 43 19 193 98 138 0 253 40 0 138 192 21 8 49 136
66 0 114 192 118 128 184 64 236 160 114 130 40 140 181 64 238 53 19 145 128 177 4 204 22 24 138 192 69 132 99 129
2 144 234 153 86 224 184 66 46 1 90 163 44 142 52 64 110 57 147 145 146 152 0 213 4 36 154 195 133 4 37 209
32 73 2 140 84 129 130 97 4 0 80 2 32 200 48 64 72 40 2 65 66 170 0 189 32 32 130 8 85 8 112 136
51 0 98 228 20 18 232 96 101 192 242 2 43 136 53 96 122 173 23 161 140 179 36 204 146 73 138 128 101 172 112 76
34 48 118 137 110 139 184 72 31 96 112 171 12 156 52 0 254 61 215 133 128 115 207 208 20 24 11 178 85 12 19 145
0 72 3 140 84 128 162 100 132 0 210 66 32 136 49 64 104 168 46 193 74 187 128 237 20 32 130 8 5 8 48 136
16 129 10 168 20 131 40 103 4 1 90 2 49 130 32 64 104 43 19 128 82 152 0 93 224 165 186 192 20 8 176 136
32 201 2 136 84 131 134 101 6 128 80 2 32 200 48 64 88 40 2 81 66 170 2 157 56 0 134 104 85 8 240 136
32 201 34 140 84 131 128 101 68 0 80 2 32 136 48 64 72 40 2 65 194 186 0 157 32 32 130 72 85 8 176 136
2 177 18 136 118 137 56 99 142 1 88 34 172 146 96 64 166 59 19 16 18 136 2 221 12 20 26 202 20 8 33 137
18 1 10 168 148 130 40 71 4 1 90 2 49 130 32 64 104 43 19 144 82 152 0 93 224 229 186 192 20 8 177 136
67 0 110 200 110 18 248 80 125 64 214 131 72 206 182 112 118 141 63 141 132 211 167 192 22 58 138 136 37 132 97 196
2 129 10 136 20 130 40 103 4 1 90 2 48 130 32 64 104 43 19 128 18 152 0 221 40 36 170 192 20 8 48 136
112 73 34 140 93 135 194 192 197 128 192 10 34 200 49 64 72 232 10 65 72 43 16 189 177 32 131 56 117 59 48 8
2 48 18 152 118 161 56 67 188 1 82 34 172 146 96 64 230 59 19 16 18 152 0 223 12 52 26 234 20 8 33 139
0 96 2 140 93 132 162 100 132 0 194 2 32 136 49 0 104 168 10 193 10 179 144 205 21 32 130 8 69 9 48 136
3 8 98 205 86 144 168 64 76 64 112 2 40 136 180 96 106 41 19 193 134 178 36 221 22 40 138 136 21 12 115 204
2 149 146 140 50 162 56 71 46 129 90 162 44 182 32 64 230 59 147 0 18 152 0 223 40 52 26 194 148 64 161 155
2 129 2 136 148 128 40 71 36 1 90 2 40 130 32 64 104 43 19 144 82 152 0 205 32 36 154 192 132 0 177 136
0 129 10 172 148 128 40 103 36 1 90 2 49 130 32 64 104 43 19 128 82 152 0 77 96 165 186 128 20 8 176 136
2 145 146 140 178 128 56 71 46 1 90 162 172 182 32 64 230 59 147 0 18 152 2 221 8 52 26 194 148 0 161 139
32 73 2 140 84 131 128 69 4 128 80 2 32 136 48 0 72 40 2 81 66 186 0 140 32 32 130 40 85 8 176 136
112 104 11 140 92 129 195 192 132 128 208 10 50 136 49 64 72 160 14 65 72 43 0 172 240 32 163 56 117 57 48 8
16 153 27 161 54 194 57 117 44 137 82 99 181 23 32 64 230 55 19 208 67 152 1 13 236 164 174 128 4 0 33 41
130 22 182 144 162 96 188 3 188 83 82 179 140 62 32 75 167 19 179 133 176 204 2 194 8 50 222 131 148 68 165 83
0 128 34 137 84 130 160 96 68 1 82 2 32 136 48 64 104 40 2 145 146 184 0 205 4 36 130 64 21 8 48 128
0 128 2 136 20 129 136 96 4 0 80 2 32 10 32 64 72 33 2 128 66 168 0 221 0 0 138 64 21 8 48 136
2 1 11 140 20 128 168 99 4 1 90 66 48 34 32 64 72 35 19 128 2 136 0 93 8 36 170 192 21 8 48 136
32 128 6 156 109 133 72 64 141 9 240 8 166 154 32 80 200 160 6 128 90 43 66 209 145 180 154 26 16 8 112 139
51 0 98 136 84 147 232 112 69 64 84 131 8 12 182 36 120 169 23 175 221 178 36 220 18 8 138 196 119 140 120 196
2 0 106 136 86 129 184 64 12 1 80 131 49 142 52 64 110 185 19 149 146 154 0 221 80 44 170 192 149 8 49 209
34 8 2 140 20 130 136 64 4 0 80 2 32 136 49 64 72 40 19 209 2 170 0 157 0 32 138 136 21 8 48 136
39 79 96 138 196 17 142 197 4 68 24 135 64 108 183 32 76 67 147 199 197 34 44 232 32 8 143 128 93 127 248 220
32 128 2 138 20 129 136 97 4 0 81 2 32 8 48 64 88 40 19 129 66 168 0 157 0 0 138 0 21 10 48 136
0 133 11 140 20 131 169 99 4 1 90 2 48 40 48 64 104 42 19 129 80 168 0 93 96 4 170 192 20 8 176 136
16 205 43 172 22 128 173 119 4 69 90 199 53 14 48 64 110 43 19 205 194 184 4 61 96 37 170 192 117 8 181 248
2 205 34 154 149 231 174 230 86 0 72 2 224 232 49 64 217 106 19 209 98 186 26 255 41 22 158 64 144 91 48 138
2 160 131 157 86 131 170 200 30 176 80 194 236 234 120 128 127 109 51 177 35 210 11 223 60 6 143 164 29 40 33 128
3 40 98 204 86 145 168 64 108 64 112 2 40 136 180 96 106 41 19 129 134 178 36 205 22 8 138 136 85 4 115 204
98 8 234 222 76 130 175 104 118 130 242 2 112 232 52 64 121 237 51 161 160 243 143 238 92 47 239 136 69 40 112 128
2 149 2 140 146 166 188 103 4 69 90 167 44 174 32 64 110 59 147 133 16 152 16 205 41 36 154 194 20 76 165 89
39 129 96 138 92 177 138 72 66 85 113 135 64 204 254 32 88 136 147 247 150 34 238 213 26 12 139 236 221 15 120 212
3 133 34 138 20 128 168 101 4 65 89 135 40 142 58 64 104 43 147 133 198 136 4 221 32 36 138 192 21 14 176 220
2 144 18 152 50 128 56 67 44 1 90 178 172 150 32 64 102 59 147 144 18 152 0 223 40 52 26 194 148 0 161 137
162 137 10 136 84 129 138 101 20 0 80 2 49 138 48 64 72 42 19 193 98 170 0 255 40 1 170 136 21 8 48 136
34 0 114 202 118 129 184 64 9 0 112 130 44 143 60 0 254 57 19 145 130 178 4 193 6 24 138 170 87 142 115 129
162 196 98 204 84 146 168 98 68 64 90 2 40 136 52 32 104 43 19 129 224 190 36 207 48 8 138 128 85 12 112 140
130 20 150 149 2 34 185 34 188 18 82 178 44 62 32 75 103 55 59 161 32 213 1 202 4 34 218 130 4 96 33 25
130 12 110 220 22 129 168 98 20 1 80 146 40 12 52 65 110 41 19 129 162 172 4 223 0 40 154 192 21 12 113 136
3 193 98 142 22 144 170 101 68 68 81 135 104 72 182 224 126 43 19 197 199 136 44 221 32 40 138 192 29 14 185 204
3 64 98 142 68 128 174 103 76 64 89 2 40 136 52 32 106 41 19 195 134 176 4 237 52 8 138 128 85 31 113 204
32 104 2 136 84 131 128 101 4 0 80 2 32 136 48 0 72 40 2 65 64 170 0 157 32 0 130 8 85 8 112 136
146 28 38 156 30 128 184 66 148 82 210 179 44 14 54 107 110 49 155 133 160 205 6 223 0 34 218 130 21 4 49 221
130 128 102 152 22 129 168 100 148 17 208 146 44 142 52 65 110 43 19 129 226 173 6 223 0 8 154 128 21 12 49 136
38 89 98 202 198 145 222 216 1 64 117 171 72 207 189 32 126 217 151 238 202 2 46 241 50 8 141 172 55 191 242 212
3 201 98 206 20 145 170 101 68 64 85 130 40 12 182 100 110 33 18 205 199 168 36 253 34 40 138 128 29 14 121 252
51 0 98 164 69 146 232 64 69 64 242 2 40 8 52 96 106 169 19 161 140 179 52 204 19 40 138 0 101 140 112 204
2 220 2 159 21 197 166 230 30 1 72 2 160 250 49 64 217 106 19 145 98 186 82 255 45 54 158 75 144 88 52 138
146 73 14 189 20 130 44 36 156 0 210 2 181 2 48 65 98 33 31 193 104 137 0 173 224 225 234 128 52 24 49 8
131 20 38 156 6 162 184 98 156 83 82 179 12 12 54 107 111 51 187 133 164 221 6 207 0 34 218 194 5 68 49 85
130 176 18 152 118 225 184 66 14 1 88 178 44 158 32 0 238 57 147 145 18 158 2 215 16 20 154 202 21 12 37 147
130 129 34 156 150 128 172 103 20 1 80 147 40 142 48 64 110 59 19 133 242 136 0 223 32 32 138 192 21 12 177 200
146 128 46 184 22 129 168 97 156 65 208 146 61 142 48 65 110 9 31 129 226 141 4 221 160 65 170 128 21 8 177 200
2 48 86 153 110 139 184 72 31 32 82 238 204 218 36 192 126 189 183 129 128 242 11 212 20 26 139 170 29 12 9 145
3 130 34 136 23 133 168 97 4 69 64 135 44 142 50 64 110 41 147 133 214 168 20 221 0 0 138 65 29 12 185 220
130 20 182 152 231 245 188 67 156 91 80 183 12 188 54 11 175 27 147 1 180 252 50 194 21 18 222 131 149 76 165 215
114 0 106 221 76 130 232 72 127 0 246 2 80 202 180 96 122 173 63 137 128 243 167 214 86 47 162 128 37 136 112 128
2 129 34 136 20 128 172 101 4 65 80 2 44 138 48 64 110 43 19 129 210 136 4 221 40 36 138 192 21 12 177 136
3 8 34 136 23 149 168 96 68 68 64 135 40 8 54 224 108 41 19 133 135 136 52 221 1 40 138 64 29 12 57 204
127 83 96 74 206 81 222 216 65 68 181 175 89 204 255 54 94 216 151 239 205 35 44 224 114 73 165 191 119 191 246 213
162 72 2 152 20 129 136 101 20 0 80 18 32 138 49 65 72 40 19 129 98 166 0 223 0 0 138 136 20 8 48 136
167 95 96 138 134 113 158 198 4 70 25 183 72 44 183 32 79 83 147 199 245 44 44 226 32 12 142 131 149 95 181 221
2 128 34 138 20 132 168 97 4 1 81 130 168 142 48 64 108 41 19 129 146 136 0 221 33 16 138 200 21 14 177 200
34 160 82 137 118 136 232 64 15 1 112 2 44 138 52 64 106 41 19 145 2 184 0 213 4 60 154 192 21 8 113 136
50 72 98 140 85 197 202 96 69 0 224 10 34 136 52 64 120 168 19 225 72 171 16 205 49 40 128 9 117 10 112 138
3 137 98 204 20 146 168 101 68 64 84 130 40 12 182 228 108 32 18 137 197 168 36 221 34 40 138 128 23 12 121 236
144 193 14 188 20 128 168 101 132 1 210 18 49 138 48 64 104 42 31 129 106 169 0 221 224 225 170 192 20 8 176 8
2 48 114 202 118 128 186 64 13 1 81 162 44 158 52 64 230 57 147 83 130 160 12 245 6 56 138 202 21 143 51 129
130 132 98 140 84 129 168 103 68 1 88 2 40 8 52 64 110 41 19 129 194 174 4 223 32 40 138 128 21 12 113 136
10 0 122 224 70 128 184 64 236 0 82 130 61 142 116 64 110 57 19 145 130 177 4 192 20 73 170 136 5 0 33 129
130 148 246 154 227 225 188 99 28 87 89 179 204 254 46 73 247 27 147 145 50 204 30 215 9 22 218 195 149 76 165 211
2 129 2 139 20 128 168 97 4 1 83 2 32 202 56 64 120 41 19 145 82 152 0 205 32 32 138 192 20 14 176 136
167 239 224 154 214 177 158 199 19 70 25 183 104 236 255 0 95 75 131 231 246 38 172 242 42 12 143 171 213 255 253 221
167 223 97 90 231 116 159 246 25 78 125 247 72 110 191 164 255 67 151 199 245 2 44 226 34 62 143 130 159 127 249 245
0 128 2 138 20 129 138 96 4 0 81 2 32 10 32 64 72 32 2 194 66 168 8 253 0 32 138 64 21 11 48 136
134 205 32 138 132 161 142 196 4 66 89 18 72 72 56 0 95 75 19 195 210 36 12 247 32 0 138 224 21 95 176 128
2 48 18 152 118 129 184 66 60 1 80 162 172 158 32 64 230 59 147 145 18 154 2 221 4 20 26 202 148 0 33 129
35 201 98 78 84 147 238 116 69 64 116 2 40 8 180 96 88 42 19 201 198 170 36 253 34 8 130 128 87 154 112 140
6 128 34 138 84 128 170 104 4 65 81 131 72 204 56 64 126 9 19 167 146 146 8 245 16 32 138 204 21 15 49 208
160 137 2 136 84 129 138 97 20 0 80 2 32 138 48 64 72 42 19 193 98 174 0 191 48 0 138 8 21 8 48 136
135 205 160 158 134 33 158 238 22 66 25 151 104 108 63 65 93 99 147 231 244 76 12 255 40 6 223 132 149 127 176 220
2 129 2 139 20 129 168 97 4 1 83 130 32 206 56 64 120 42 19 145 82 152 0 221 40 32 138 192 20 14 49 136
127 80 96 74 78 17 94 216 65 96 181 171 73 93 255 52 126 217 151 239 142 35 44 240 114 72 129 190 119 191 98 213
130 201 98 200 20 129 168 101 84 1 112 2 40 10 52 64 110 43 19 193 226 168 0 255 32 8 138 192 21 8 241 136
130 77 32 136 134 161 142 199 4 66 88 147 8 12 50 96 111 27 19 197 242 4 4 247 32 0 142 128 21 92 177 204
2 129 2 139 20 130 40 97 4 1 83 130 40 134 40 64 126 43 19 128 82 152 0 221 32 32 138 192 20 2 177 152
130 129 2 140 20 129 168 103 20 1 88 2 40 10 48 64 72 42 19 129 98 136 0 223 32 36 138 128 20 8 176 136
32 104 2 136 84 131 128 101 4 128 80 2 32 136 48 0 72 40 2 65 64 170 0 140 32 0 130 72 85 8 112 136
138 22 166 149 162 42 188 7 60 87 90 183 188 46 51 75 39 119 179 133 176 220 1 234 100 35 254 131 132 85 181 89
38 96 98 202 86 17 222 216 1 64 81 139 72 206 61 48 126 217 147 247 138 2 44 241 50 8 139 172 55 191 242 212
128 0 2 136 20 131 160 96 4 0 80 18 32 136 48 64 104 40 2 17 50 188 0 223 0 32 130 64 21 8 48 128
2 133 2 140 20 128 168 99 180 1 218 2 40 138 48 64 110 43 19 129 82 152 0 205 32 36 138 192 20 0 161 136
146 4 102 221 4 50 168 96 148 146 210 147 105 14 181 107 110 37 31 165 168 229 37 206 146 235 202 144 21 60 113 220
130 20 62 157 2 34 185 34 156 18 82 179 12 62 32 75 103 55 59 165 160 221 4 206 0 34 218 130 5 100 33 25
146 12 38 156 22 129 184 64 156 18 210 147 45 14 49 107 110 49 27 133 162 205 6 223 128 98 218 128 21 12 49 29
146 204 6 156 20 130 168 228 188 16 210 18 45 10 48 67 98 35 63 193 96 205 2 239 160 227 250 128 20 0 33 8
34 224 2 140 84 131 136 101 4 0 80 2 32 136 48 64 72 40 19 129 66 174 0 223 32 0 138 136 21 8 176 136
48 201 106 238 20 129 202 240 196 0 244 2 49 136 180 32 72 40 23 203 202 171 36 189 98 137 162 152 117 139 112 136
32 129 96 202 85 133 66 124 69 8 116 10 35 201 52 20 88 170 23 73 218 170 80 189 39 216 128 104 119 138 112 136
34 224 34 136 84 131 168 101 68 0 80 2 32 136 48 0 104 40 19 129 194 184 0 205 32 0 138 128 69 8 48 136
130 41 2 136 20 131 136 97 20 0 80 2 32 138 48 64 72 40 19 193 98 174 0 223 32 0 138 136 21 8 48 136
130 196 2 154 132 161 174 199 28 2 89 146 12 46 48 65 111 3 19 131 112 140 8 247 32 38 154 192 148 85 177 80
60 141 75 238 148 195 71 226 20 4 79 2 115 243 48 64 88 234 3 234 90 186 40 63 243 239 160 65 53 219 244 42
131 22 230 145 166 50 188 135 60 119 94 247 140 46 182 205 39 71 147 133 180 220 37 226 46 62 222 131 143 212 185 85
36 128 0 138 84 131 138 104 4 0 81 2 64 72 56 0 88 8 19 227 2 162 8 189 0 0 138 68 21 11 48 128
130 137 74 156 20 129 169 100 20 0 80 18 48 10 48 65 104 43 19 193 98 172 0 255 32 0 154 128 21 8 112 136
34 201 66 204 84 131 206 101 5 0 112 2 32 202 52 80 72 168 19 194 72 170 0 189 51 24 130 40 117 152 112 136
130 22 174 149 2 34 189 3 188 83 82 179 60 62 49 75 103 55 187 133 160 213 5 202 4 34 250 130 133 100 37 89
2 145 18 138 18 129 184 97 12 1 81 162 44 142 32 64 118 59 147 129 18 138 2 221 0 36 138 202 20 2 161 153
50 0 99 140 68 130 232 112 5 64 82 66 48 137 52 64 106 169 23 129 136 179 4 205 16 40 138 128 37 136 112 136
130 128 2 136 20 129 168 98 4 0 88 18 32 138 48 64 104 8 19 129 82 136 0 221 32 32 138 192 20 8 48 0
130 207 96 152 214 177 158 239 20 7 88 183 40 44 183 0 111 99 147 133 246 40 5 255 40 6 158 131 157 92 189 223
50 8 98 204 68 147 234 112 5 192 86 130 40 77 180 4 120 168 23 174 200 186 36 205 18 8 128 128 39 140 112 224
162 132 98 152 84 163 168 99 20 2 80 147 40 12 52 1 104 41 19 133 242 190 4 223 0 42 154 192 21 12 48 200
131 132 102 157 134 178 172 103 28 87 82 151 40 46 182 105 111 35 147 133 180 212 36 223 4 42 218 128 149 92 177 212
146 4 38 152 22 129 184 64 156 17 208 146 44 14 48 105 110 57 27 129 162 237 6 223 0 2 218 128 21 12 49 156
2 64 98 202 70 128 174 68 76 0 81 2 40 200 188 96 126 41 19 195 130 178 12 253 48 40 138 136 21 31 177 132
35 200 98 204 85 151 234 112 69 128 86 130 40 12 180 36 104 168 19 238 197 186 52 237 35 24 138 128 39 172 112 252
2 145 18 136 50 129 56 67 12 1 88 34 172 146 32 64 230 59 19 144 18 152 0 221 12 52 10 202 20 8 161 137
2 205 2 140 20 128 172 103 4 0 88 2 40 10 48 64 104 43 19 193 66 168 0 221 32 32 138 192 21 8 241 136
2 161 2 138 20 130 40 97 4 1 81 130 40 198 40 64 126 43 19 144 82 152 0 205 32 36 138 192 20 2 177 136
168 12 10 188 84 129 136 99 20 2 80 18 49 136 48 65 72 42 19 129 98 174 0 159 32 193 186 8 53 8 48 136
167 205 98 218 198 177 238 236 93 66 121 18 104 104 189 32 123 75 19 227 244 166 44 255 34 12 142 168 213 127 240 196
146 76 2 151 134 34 190 71 60 2 218 146 45 46 49 73 103 227 31 131 56 157 1 234 160 230 218 128 20 117 177 24
134 221 50 154 178 32 190 167 28 67 90 179 12 62 32 73 231 83 147 135 240 204 8 226 44 54 222 130 148 85 161 89
135 221 224 154 150 49 158 230 20 66 25 183 104 108 191 33 127 83 147 199 244 76 44 234 40 14 143 130 149 127 181 221
146 132 38 152 30 128 168 103 148 18 208 147 40 142 48 65 110 35 27 133 242 205 2 223 160 34 218 192 21 12 177 200
167 205 98 90 198 49 255 252 81 66 61 146 104 108 191 164 127 195 151 239 245 162 44 250 58 14 143 164 247 255 240 245
39 129 96 138 84 145 138 200 70 65 89 131 64 204 190 32 88 8 19 247 150 34 44 245 8 12 139 236 85 15 112 196
35 65 98 142 68 146 174 69 68 64 82 135 40 12 183 96 104 33 19 199 196 160 36 252 34 40 138 128 85 159 240 220
167 205 96 218 212 177 222 236 81 66 125 146 104 110 191 33 127 235 19 239 244 38 44 255 50 30 143 172 215 255 240 228
150 221 162 159 182 32 190 167 61 199 91 183 237 110 59 73 55 115 157 231 240 221 12 238 168 118 222 194 164 119 177 81
166 205 98 202 196 177 174 204 84 2 121 18 104 200 189 32 123 75 19 227 242 34 44 255 50 8 142 232 85 123 240 132
134 223 228 154 151 225 190 231 30 87 89 179 108 238 63 73 127 123 147 211 118 110 12 255 40 6 223 231 149 127 181 223
167 221 224 210 214 49 159 252 81 194 29 183 104 108 191 37 127 243 151 239 245 34 44 235 58 14 141 174 183 255 240 245
183 239 224 202 206 145 206 204 131 214 153 143 66 204 255 0 93 203 151 215 222 35 174 178 50 8 141 188 117 255 244 212
130 20 182 147 162 42 188 167 56 215 90 183 140 46 2 75 167 87 179 149 176 220 1 226 44 54 222 194 132 84 165 89
135 221 225 158 246 176 190 230 27 199 93 247 108 110 191 165 255 115 147 247 245 68 44 239 42 46 207 134 159 127 189 213
134 157 180 150 183 244 190 167 158 223 25 55 236 254 110 107 167 115 179 19 246 72 58 231 47 22 95 199 148 117 181 223
134 77 34 158 134 160 174 199 92 66 88 147 104 108 63 96 111 107 19 199 240 188 12 239 32 46 158 128 21 95 177 196
130 68 38 158 4 160 172 199 148 83 82 147 40 46 54 73 111 99 19 135 160 212 6 234 0 42 218 128 21 85 177 208
150 76 166 183 130 34 62 166 61 195 91 147 205 110 49 73 39 119 157 135 240 220 9 234 172 231 222 192 164 117 161 89
130 199 34 138 150 129 170 109 4 69 89 151 104 204 58 64 126 11 147 229 150 128 13 213 40 0 138 196 29 14 181 212
146 68 2 152 20 161 168 103 20 2 216 18 32 136 48 0 72 42 19 129 96 190 0 223 160 0 138 200 21 8 240 136
130 205 34 138 196 161 174 231 84 2 89 18 40 200 60 64 120 107 19 195 242 180 12 255 32 12 138 128 85 95 241 128
152 12 10 188 20 129 72 99 20 2 80 18 49 138 48 65 72 42 23 129 106 172 0 159 160 193 186 8 52 8 48 136
146 76 162 183 134 34 190 231 61 67 90 147 173 46 49 73 103 99 23 135 176 156 4 234 160 102 222 128 181 93 177 216
167 205 226 158 214 50 190 238 92 66 89 151 104 108 191 97 127 99 19 231 245 230 44 255 42 14 223 132 149 127 177 221
166 77 96 202 198 177 158 196 68 66 89 147 72 108 189 32 79 91 19 199 242 34 44 242 32 8 142 160 21 95 241 212
183 239 96 130 204 177 206 204 211 214 153 143 96 236 255 0 89 234 151 247 222 35 174 242 58 12 141 188 255 255 254 212
39 201 98 74 196 144 238 244 69 64 87 134 104 108 191 228 120 98 18 239 197 186 44 232 34 40 142 128 127 255 248 252
136 132 14 190 68 161 168 115 148 2 80 18 49 10 48 65 105 42 19 129 96 172 0 159 64 195 250 192 52 8 48 136
96 0 106 253 84 131 235 88 86 0 114 2 81 203 52 64 120 237 55 129 130 179 142 223 84 175 171 136 53 136 112 128
2 197 0 136 148 161 142 231 4 0 88 2 0 8 48 64 72 2 19 193 66 40 0 245 32 0 138 192 21 25 176 136
3 42 22 157 70 131 184 72 30 32 82 199 76 202 34 192 126 169 51 133 4 242 11 222 20 6 139 160 29 12 41 129
134 205 164 158 150 163 142 238 22 210 25 151 104 108 59 65 93 99 19 231 242 76 14 255 40 6 223 196 149 127 176 216
48 205 107 254 22 195 71 226 21 4 127 34 115 231 161 96 120 250 7 234 10 186 40 63 123 164 160 65 55 139 116 170
146 76 34 159 134 32 174 230 28 67 91 147 108 110 53 73 111 99 23 135 240 156 12 235 160 46 222 128 149 85 177 216
2 157 18 159 21 197 178 231 30 1 72 2 172 250 32 64 217 122 147 1 34 184 82 255 45 54 158 75 16 8 181 138
130 4 2 152 20 161 168 66 20 2 80 18 32 136 48 73 73 40 19 129 34 166 0 223 0 2 218 192 21 72 48 128
35 129 96 73 84 145 138 236 70 97 116 2 0 72 190 36 88 10 18 249 150 58 109 149 46 12 130 236 87 142 208 196
9 172 195 223 84 131 235 248 86 128 94 66 113 227 176 228 121 110 18 184 163 242 45 239 124 46 167 0 39 170 112 160
2 128 18 138 86 129 186 72 12 1 81 2 108 202 40 64 126 25 19 243 2 128 8 253 16 0 138 200 21 11 33 129
167 205 96 142 148 177 142 231 68 194 89 131 96 108 183 32 73 106 19 199 244 40 44 187 40 12 143 128 85 127 240 220
38 205 96 202 132 129 142 197 68 0 88 2 32 8 53 0 72 106 19 211 194 40 12 189 32 8 142 160 85 95 240 136
130 223 160 157 150 51 158 175 22 199 88 183 168 44 54 65 95 67 147 133 246 72 71 255 44 6 222 131 149 92 189 223
2 145 18 136 82 161 186 70 12 1 89 178 44 158 32 64 102 59 147 145 18 138 2 245 16 36 154 202 21 1 161 129
130 132 18 154 18 128 58 99 28 1 89 146 44 134 32 64 102 59 147 144 50 156 0 223 8 36 154 194 20 2 161 153
130 215 32 137 214 51 156 239 20 71 88 183 104 110 62 65 127 3 147 165 246 10 109 223 40 6 158 199 149 92 189 221
131 4 98 156 132 178 172 71 84 66 90 151 40 44 183 105 109 35 147 133 164 180 36 206 32 46 218 128 149 76 241 220
135 221 226 155 182 48 190 167 91 215 91 183 108 110 191 105 183 99 147 231 245 92 44 239 46 62 223 194 157 247 185 93
166 237 96 202 252 165 78 220 195 10 185 10 66 201 125 16 217 202 23 210 250 38 74 247 63 24 133 248 87 219 242 128
134 205 162 158 146 32 190 167 20 194 88 147 108 110 50 64 111 115 147 199 240 8 8 234 40 38 159 128 148 118 177 89
2 192 82 139 86 129 186 192 12 1 81 2 108 202 56 64 126 41 19 211 2 178 8 253 48 36 138 202 21 11 33 129
130 141 2 156 130 32 46 135 20 3 90 146 44 38 33 65 103 67 19 128 112 140 0 231 32 38 158 128 148 84 177 8
146 132 2 156 20 131 136 103 20 2 80 18 33 136 48 65 72 42 19 129 98 172 0 159 160 195 154 136 21 8 48 136
2 23 162 156 146 96 188 7 44 71 90 167 44 46 34 64 103 55 147 133 148 152 4 202 32 38 158 131 132 116 181 83
158 77 146 183 130 34 62 183 61 131 91 147 205 46 49 73 39 119 157 135 112 220 9 234 160 231 254 128 164 117 161 89
167 205 224 94 212 55 207 252 83 202 125 154 96 108 191 37 93 226 23 238 253 102 44 255 58 30 197 172 247 255 240 228
164 237 64 202 205 165 70 220 131 8 185 10 66 201 125 16 217 202 6 243 74 39 74 183 59 24 133 124 83 219 210 128
0 160 18 136 86 129 168 72 14 1 81 2 44 202 40 64 122 137 2 176 2 50 0 213 20 4 138 104 21 10 33 128
135 205 226 86 214 50 238 245 93 194 95 150 104 108 191 165 127 98 18 239 245 164 44 239 42 14 207 132 143 255 249 252
130 159 164 157 150 178 158 167 22 134 90 183 168 46 54 65 79 103 163 133 244 200 71 255 44 38 159 131 149 124 189 95
130 197 6 152 20 129 172 101 20 1 80 18 32 2 48 65 72 34 19 129 114 140 0 223 32 32 154 192 20 8 176 136
2 133 2 142 20 128 140 103 4 1 91 2 96 42 48 64 72 35 19 129 82 136 0 221 32 36 138 128 20 10 176 8
162 205 66 136 84 129 138 96 4 0 112 2 32 136 49 0 72 40 19 193 66 174 0 191 0 0 138 136 85 8 112 136
2 160 18 139 86 129 186 72 12 1 81 2 108 202 56 64 126 25 19 179 2 128 8 213 0 0 138 200 21 11 33 129
166 205 32 146 212 161 142 239 84 67 25 18 96 104 61 33 89 107 19 227 240 102 12 191 40 14 207 164 213 127 208 196
130 4 22 153 164 162 188 7 188 27 90 16 140 42 32 73 231 59 19 129 50 220 0 223 4 50 218 194 148 80 161 1
130 180 18 136 114 161 184 67 28 1 88 178 44 158 32 64 102 59 147 145 50 158 0 223 0 4 154 194 21 0 161 145
167 165 96 65 220 59 206 207 83 99 29 222 0 104 222 164 93 138 18 189 215 50 108 146 62 28 141 236 223 222 218 212
130 12 6 156 2 162 56 34 188 18 82 147 44 46 33 75 103 55 187 133 32 213 2 238 0 34 218 128 4 117 33 89
35 135 224 157 244 19 140 239 86 99 88 215 160 40 150 128 221 74 147 165 247 58 69 255 46 30 158 165 221 92 216 220
150 77 130 183 130 34 62 167 61 3 90 147 237 46 49 73 103 119 157 135 48 220 9 234 160 231 222 128 164 117 161 89
38 201 64 202 204 161 206 200 3 0 121 10 64 200 125 0 88 200 19 243 66 34 10 241 50 8 143 236 85 27 242 128
150 220 162 183 162 34 190 167 61 71 91 183 205 110 57 73 55 119 157 151 240 220 12 234 172 119 222 194 164 117 181 89
56 207 123 222 86 195 103 242 87 4 126 162 112 247 165 116 90 250 6 234 106 186 40 191 123 174 164 129 119 155 116 171
166 109 64 138 212 161 142 196 6 0 89 2 64 200 121 0 89 74 19 211 114 34 8 183 40 0 142 232 21 91 240 128
166 77 98 202 196 161 174 228 84 2 121 18 96 104 61 0 121 234 19 227 224 182 12 255 34 12 142 128 213 91 240 128
135 221 164 158 150 179 158 238 22 210 25 179 104 108 63 97 95 115 147 231 244 76 46 239 40 14 207 132 149 127 177 220
166 205 96 138 148 161 142 231 20 2 88 2 32 104 53 64 73 106 19 67 242 40 8 191 40 12 142 128 85 91 240 136
134 77 98 138 212 161 174 198 84 2 121 18 40 136 60 64 107 107 19 195 242 176 8 247 32 40 138 192 85 91 241 128
134 157 150 155 179 228 190 231 60 27 90 178 236 126 41 73 247 83 179 131 114 220 10 239 44 54 222 195 148 113 165 27
130 205 2 154 146 161 190 199 20 3 89 147 12 206 56 64 111 91 147 215 114 140 8 247 40 4 138 192 20 95 161 153
134 205 98 218 214 177 174 230 92 2 89 18 104 232 189 97 127 75 19 227 242 178 44 254 34 14 143 136 149 127 241 132
182 237 224 210 220 33 206 252 209 130 189 10 99 233 253 16 89 202 23 234 234 39 14 187 58 78 133 188 247 255 242 136
38 225 160 154 220 129 138 200 134 1 81 10 64 200 121 8 89 72 19 211 130 34 10 177 56 4 143 236 149 31 240 192
166 205 96 219 212 177 142 238 86 19 121 18 224 104 61 33 89 234 19 227 242 62 108 255 46 30 223 232 213 123 208 132
134 221 182 151 178 160 190 167 60 83 91 183 236 110 59 73 183 83 179 151 242 220 15 239 44 54 223 194 132 119 161 89
167 221 228 222 214 179 190 236 95 194 29 183 104 236 255 37 127 247 179 231 247 70 46 255 58 14 207 134 151 255 177 245
134 223 182 158 243 242 190 239 30 223 88 183 108 254 239 105 247 123 179 179 246 72 46 255 41 22 223 199 149 127 165 223
6 188 182 158 187 226 62 175 158 255 73 179 108 254 104 65 247 127 179 147 114 72 154 255 41 54 223 207 148 118 165 91
166 205 96 219 244 177 142 239 94 19 121 18 224 104 61 41 217 74 19 243 242 126 108 255 46 30 215 232 213 91 240 132
130 12 2 156 132 162 172 99 20 2 90 18 40 42 49 73 105 39 19 161 32 220 0 206 32 38 218 128 148 124 177 8
135 205 226 150 148 48 174 230 84 66 91 147 104 108 191 97 127 99 19 199 244 252 44 238 44 46 223 128 133 127 241 220
134 158 164 158 159 227 190 239 30 214 89 183 108 238 63 65 127 123 179 199 114 76 14 255 40 6 223 199 149 127 181 219
167 205 228 219 204 17 206 237 87 83 112 18 64 40 190 43 73 194 19 195 244 126 111 245 46 10 214 224 213 223 240 204
134 205 134 151 146 34 62 167 60 67 90 147 76 46 48 73 103 119 147 135 48 220 9 238 44 38 222 192 132 117 161 89
134 205 166 158 158 160 174 167 148 210 216 147 104 110 48 67 111 115 27 199 240 9 8 255 40 38 142 128 148 127 177 8
163 205 96 158 148 177 142 231 84 194 24 131 96 108 52 96 89 98 19 199 244 41 44 191 40 14 143 160 213 127 240 204
150 205 0 154 148 161 142 238 20 18 89 18 104 106 41 65 121 99 19 226 112 12 8 255 168 38 223 196 148 123 177 8
3 42 6 159 86 147 170 64 62 36 82 199 109 202 178 192 126 173 34 133 164 209 15 254 52 103 171 128 29 12 57 132
166 205 98 202 196 161 174 196 68 2 121 2 72 200 61 0 120 106 19 227 242 178 8 247 50 8 134 200 85 91 240 128
40 4 107 253 84 131 235 88 86 0 118 2 81 195 176 64 120 172 55 169 162 179 12 223 116 175 163 128 53 138 112 160
6 173 166 158 158 131 158 172 150 242 82 151 105 236 123 67 93 127 179 231 242 216 15 255 40 102 223 204 149 127 176 89
134 205 18 138 210 161 190 198 28 1 89 146 12 142 40 64 111 27 19 211 114 142 8 247 32 4 154 200 21 91 161 137
166 205 96 218 212 177 206 236 85 2 121 18 96 232 189 1 89 234 19 227 242 38 44 255 58 14 133 172 213 251 242 128
214 77 6 158 132 160 174 198 132 2 219 18 104 106 41 67 105 99 31 194 120 133 10 238 176 34 206 128 148 91 177 0
214 205 134 150 134 32 174 167 188 3 155 147 236 110 57 67 103 227 61 231 112 133 10 234 176 38 206 128 164 119 177 64
183 205 230 30 222 178 158 236 86 242 93 151 105 236 191 99 93 111 51 239 247 236 47 255 42 110 223 132 149 255 248 252
2 156 18 159 21 229 178 231 30 1 72 2 172 252 32 64 193 123 131 1 114 184 18 255 45 54 30 75 16 72 165 138
166 205 96 219 244 177 142 239 94 19 121 18 224 104 189 33 217 106 19 227 242 126 108 255 46 30 223 236 213 123 208 132
135 205 230 158 150 178 190 175 26 211 90 151 108 108 191 97 55 99 179 231 246 220 46 255 42 46 223 198 141 119 185 85
167 45 98 129 212 179 138 203 86 226 121 147 0 204 255 32 89 10 19 55 182 54 44 150 40 12 143 236 213 111 240 196
214 221 166 158 150 34 158 174 157 210 155 183 109 110 59 67 119 243 61 231 248 197 14 239 184 102 207 148 164 119 177 81
167 239 224 146 220 49 206 236 19 198 25 159 96 236 255 1 93 235 151 231 254 98 46 255 58 14 143 172 213 255 246 212
167 205 230 158 188 146 158 172 214 250 91 151 233 236 255 99 221 111 51 231 247 100 47 191 42 126 223 196 149 127 248 221
164 237 96 219 244 177 198 238 91 58 61 26 224 104 253 17 217 202 6 123 250 62 104 255 46 30 213 104 213 251 210 136
134 77 6 159 132 162 174 231 132 2 219 18 96 106 33 75 104 98 27 194 112 133 8 238 36 32 202 128 20 91 176 0
214 205 134 150 130 34 174 166 189 130 155 147 237 110 57 67 119 231 61 231 120 197 8 238 184 230 207 128 164 119 177 64
31 237 166 190 146 178 158 168 150 210 219 151 109 238 127 67 119 111 189 231 246 193 47 255 168 103 239 198 173 119 177 85
130 159 160 157 182 130 156 175 22 103 88 183 172 46 18 65 223 75 179 133 246 216 69 255 44 54 222 195 149 92 181 221
2 197 0 136 20 129 136 103 4 0 88 2 32 8 48 64 72 43 19 193 66 40 0 221 32 0 138 128 21 8 48 136
130 77 6 154 148 161 174 230 132 2 219 18 96 10 48 65 104 98 27 195 112 173 8 255 48 34 154 128 21 91 176 136
2 129 2 142 20 129 142 109 4 1 89 2 96 72 56 64 88 2 19 161 82 168 8 157 32 32 138 192 20 10 176 8
134 133 2 154 146 160 58 99 28 3 91 146 108 198 40 65 127 59 147 162 50 132 8 255 32 38 138 192 20 67 161 17
166 237 224 219 244 185 206 239 91 51 61 26 224 105 157 61 217 74 23 123 242 126 108 191 46 30 213 248 215 251 210 132
215 205 166 190 150 162 158 236 159 210 155 151 109 110 59 67 119 115 189 231 246 205 14 239 184 118 223 134 164 119 177 89
214 205 166 182 178 162 158 172 155 210 155 151 109 110 59 67 119 119 189 231 250 205 10 239 184 118 223 134 164 119 177 89
162 13 66 156 132 163 140 103 20 2 88 18 32 8 49 65 72 42 19 131 34 172 0 191 32 38 154 128 21 88 112 136
134 77 2 154 132 160 174 135 28 3 91 18 76 42 48 72 99 67 19 131 114 156 8 247 32 38 158 128 148 83 177 8
130 77 6 158 140 160 174 230 132 2 219 18 96 74 32 65 104 98 27 194 112 173 10 255 48 34 138 128 20 91 176 8
2 159 162 140 146 224 190 167 4 69 90 167 44 46 50 64 103 115 147 213 214 136 4 236 40 36 158 195 140 84 181 93
190 205 224 94 212 51 206 252 83 130 125 10 97 105 189 53 89 234 23 234 248 34 44 191 58 78 197 172 247 251 242 164
37 201 98 74 196 145 198 229 69 64 125 2 96 200 189 32 88 234 19 107 214 162 44 189 50 8 134 40 87 159 240 140
146 77 6 158 132 160 174 230 132 2 219 18 96 74 49 65 104 98 27 195 112 141 8 255 160 38 154 128 20 91 176 8
166 255 224 158 222 51 222 239 19 199 157 191 104 236 255 33 95 251 147 231 244 103 44 255 58 14 205 172 247 255 246 221
130 77 18 154 214 160 190 199 28 3 89 18 44 138 48 64 111 43 19 211 114 158 10 247 32 36 138 200 21 91 161 137
167 205 228 87 253 191 206 237 95 219 61 24 224 104 223 37 217 98 23 127 247 106 110 191 47 30 213 228 215 255 208 228
167 204 228 222 214 179 174 238 86 226 93 146 104 236 253 33 127 127 51 175 246 110 46 255 58 14 207 160 149 127 241 196
214 205 134 158 156 34 206 172 157 146 155 18 108 234 57 67 115 227 125 227 120 71 10 239 184 54 207 156 149 127 177 0
166 205 228 219 244 43 142 175 94 179 57 18 224 104 29 9 217 74 23 115 242 124 77 255 44 30 223 244 213 123 209 136
134 140 164 158 148 163 142 238 22 210 25 147 104 236 61 33 93 115 51 167 242 108 14 255 40 14 207 132 149 127 176 220
214 205 230 190 154 34 94 172 147 211 155 135 109 238 57 67 119 247 61 231 248 67 15 239 184 119 207 156 165 247 177 81
6 204 132 155 140 33 142 239 22 19 88 18 64 40 56 73 73 74 51 195 66 190 75 241 36 38 222 132 149 91 240 136
39 201 228 207 204 19 142 173 70 112 144 3 224 40 220 98 73 66 59 199 214 104 111 245 44 26 223 212 85 63 208 204
134 205 226 222 212 163 174 239 84 2 89 18 104 104 61 65 123 107 19 227 242 226 12 255 40 14 207 140 149 123 241 128
40 223 115 95 86 211 135 246 87 4 124 226 96 247 165 228 94 250 134 200 98 186 109 255 46 38 166 139 119 155 100 253
166 205 192 154 214 161 174 238 22 3 89 146 104 238 57 1 127 251 19 243 114 14 8 255 56 6 159 172 149 123 177 136
2 221 18 159 147 225 182 231 30 13 88 34 172 254 32 64 243 123 131 1 114 184 18 255 45 54 30 75 16 88 165 155
166 205 228 223 244 187 142 175 94 179 57 18 224 104 221 41 217 106 23 115 242 124 111 191 46 30 215 244 213 251 208 140
131 133 32 137 148 35 172 239 22 99 90 151 72 44 50 64 89 11 147 165 244 152 69 222 44 6 159 196 149 108 176 212
2 205 34 142 148 129 142 231 68 1 90 130 40 44 52 64 76 99 19 193 208 136 4 253 32 40 142 128 21 94 240 152
2 223 164 159 180 138 188 167 30 71 90 183 172 46 18 64 207 107 179 133 246 216 69 255 44 54 158 129 156 92 157 93
134 205 166 158 156 163 142 231 150 194 152 131 96 108 52 98 73 98 27 199 240 233 14 191 56 46 143 144 149 127 240 76
3 172 227 223 84 147 170 248 86 192 94 66 104 226 182 228 121 106 50 136 167 250 46 255 62 46 135 128 31 174 120 164
166 205 98 154 212 161 174 230 84 2 121 18 96 104 61 65 121 106 19 227 240 174 12 255 40 14 207 136 213 123 240 128
25 14 6 191 22 147 250 80 54 100 82 135 77 202 50 64 126 237 167 133 172 209 15 254 244 231 171 129 63 140 57 208
3 40 67 219 84 147 170 88 94 64 82 66 104 202 180 228 122 169 50 137 167 179 46 255 52 46 139 128 31 140 121 164
56 0 106 253 84 131 235 88 86 0 124 2 81 195 176 68 122 236 55 137 170 178 74 223 118 175 163 128 55 138 112 160
30 173 166 191 156 131 142 168 150 242 210 131 233 236 123 67 93 127 61 231 250 218 203 191 168 119 239 220 180 126 176 88
214 205 6 158 140 160 174 228 132 18 219 18 104 234 41 67 121 99 59 226 112 7 10 235 176 38 206 136 148 123 177 0
134 205 166 159 150 162 174 231 30 211 91 147 108 238 59 73 127 99 51 231 242 220 12 239 44 38 223 192 133 119 177 200
214 205 134 158 158 32 78 172 185 131 155 146 108 238 57 67 119 227 61 227 120 71 10 239 184 166 207 156 132 119 177 0
132 205 4 155 156 161 134 175 148 19 152 18 224 104 57 65 73 66 14 99 122 44 73 255 164 22 214 16 149 123 176 0
164 205 228 219 180 43 166 175 94 51 56 18 224 104 29 9 217 74 6 83 242 124 77 191 44 30 215 116 213 123 209 136
214 205 6 158 140 160 46 164 148 18 219 18 232 226 41 67 97 98 123 226 112 7 11 227 176 54 206 136 148 123 176 0
214 205 166 190 188 34 78 172 151 210 155 147 237 238 57 67 87 231 61 231 248 195 15 239 184 246 207 156 181 119 177 64
166 205 98 154 212 161 174 230 84 3 89 18 96 104 61 1 89 98 19 227 240 166 12 255 40 14 222 128 213 127 240 136
39 236 166 191 189 151 206 168 223 250 219 17 233 236 127 99 221 111 53 247 254 224 239 191 169 127 207 220 148 127 144 76
134 221 150 158 178 162 190 175 30 19 91 178 108 126 41 73 247 115 179 211 114 204 10 255 40 38 223 198 148 115 165 27
134 205 2 154 146 161 190 231 20 2 89 147 108 110 41 65 127 83 147 215 114 140 8 255 40 6 158 192 148 95 161 153
134 205 4 158 156 161 142 231 150 146 152 2 96 104 49 67 73 98 27 67 112 105 10 191 40 6 207 144 149 123 240 136
130 77 2 158 148 162 46 231 20 3 90 18 72 34 33 73 105 103 19 162 112 156 0 238 32 38 222 128 148 121 176 8
134 205 130 158 148 162 174 231 20 2 91 146 104 110 57 65 121 99 19 195 112 156 8 238 40 38 222 192 149 127 176 136
131 135 160 157 150 35 188 175 30 103 90 151 200 46 26 65 93 7 147 165 244 152 69 223 44 6 223 196 157 92 149 220
70 191 166 159 155 226 62 233 30 247 91 179 108 254 40 65 247 127 187 147 114 217 139 255 41 38 207 239 148 119 165 83
134 77 2 158 132 162 174 231 20 3 91 18 96 42 48 73 105 106 19 195 112 188 8 239 32 38 158 128 149 91 176 136
198 205 4 158 140 160 142 167 148 19 219 18 224 106 41 67 105 226 127 226 120 39 75 239 176 54 206 152 148 123 176 0
2 73 2 142 132 129 142 103 4 0 88 2 32 8 48 64 72 34 19 195 66 168 0 253 32 32 138 128 21 26 240 136
164 205 228 219 244 41 134 239 94 179 57 18 224 104 29 9 217 74 6 115 242 124 77 191 46 30 215 116 213 123 210 136
167 133 34 137 212 179 174 107 86 226 88 19 0 40 54 32 89 10 19 181 246 186 109 222 44 12 143 228 213 108 240 196
111 237 166 191 189 151 158 184 214 251 219 5 233 236 255 99 221 111 61 247 238 224 239 191 171 127 239 252 148 127 80 84
166 237 96 154 212 161 142 236 22 66 89 151 96 236 127 0 93 106 19 247 242 38 12 191 56 14 143 172 213 127 240 216
31 237 166 190 188 151 158 168 151 250 219 135 233 236 127 96 221 111 53 247 238 192 239 191 169 127 239 220 149 127 177 84
6 205 0 138 148 161 142 228 6 1 89 2 96 202 56 64 88 75 19 211 18 136 8 247 40 4 138 192 20 27 176 128
134 141 2 154 148 163 174 235 20 2 89 147 72 110 56 65 95 11 19 167 114 132 8 255 32 38 143 196 20 79 176 0
166 237 224 214 220 33 206 252 83 130 57 26 96 233 125 1 89 234 23 227 248 103 14 191 58 14 205 172 247 251 242 136
214 205 230 190 158 34 94 172 147 243 155 151 109 238 59 67 119 247 61 231 248 67 15 255 184 247 207 156 165 247 177 81
166 237 224 158 212 163 142 238 22 194 25 151 96 236 127 1 93 251 19 247 242 102 14 191 56 14 207 236 149 127 240 216
166 205 224 223 212 163 142 238 86 146 185 26 96 104 61 1 89 234 19 99 242 110 74 255 42 14 215 188 213 123 240 136
214 205 198 190 156 34 78 236 147 147 153 18 109 234 57 67 115 231 61 227 120 71 138 239 184 230 207 156 181 119 176 0
63 237 230 191 188 147 206 184 87 242 218 131 235 236 127 99 93 239 61 231 174 243 239 191 170 255 207 220 165 255 112 68
134 141 164 158 150 162 190 170 22 130 89 146 104 238 57 65 127 127 51 163 240 200 11 255 40 38 207 132 148 127 177 0
214 205 194 158 156 160 78 172 147 146 155 18 233 234 41 67 121 227 61 226 122 79 202 239 184 246 207 156 164 123 176 8
166 205 166 158 148 163 174 238 86 3 89 18 96 104 57 65 89 98 19 227 242 238 14 255 40 38 223 132 213 123 240 136
246 205 132 190 188 162 78 172 147 146 153 18 235 106 57 67 89 227 61 227 122 79 74 239 184 246 207 156 148 127 176 8
134 205 130 154 150 163 174 238 22 2 89 146 104 110 57 73 127 115 147 227 114 204 10 255 40 6 207 196 148 127 177 152
2 205 34 142 148 129 142 231 68 1 88 2 32 40 48 64 72 99 19 195 210 168 8 253 32 32 142 128 21 90 240 136
6 205 132 158 156 161 142 231 134 146 216 2 96 232 48 67 73 98 59 195 112 105 10 191 56 6 207 152 149 123 176 8
134 205 134 158 148 162 174 167 20 3 91 18 104 106 57 65 121 99 51 195 112 220 8 239 40 38 223 192 148 127 176 8
134 255 166 158 158 195 190 236 150 246 82 183 108 238 41 65 127 127 187 199 178 195 143 255 56 38 207 143 149 125 181 211
15 229 164 191 189 159 206 184 223 250 219 1 239 236 123 99 221 111 61 119 238 224 235 191 170 255 239 158 150 127 80 71
118 201 224 135 140 9 142 237 70 240 154 10 224 168 124 66 72 198 123 195 210 57 207 181 60 12 207 252 85 31 208 72
134 205 130 158 148 160 174 231 20 2 90 18 96 106 57 65 121 98 19 227 112 156 8 239 40 38 222 128 149 123 176 128
42 223 113 223 214 211 167 246 87 69 124 230 40 100 165 228 95 122 130 194 227 184 111 255 46 38 150 130 119 159 244 253
2 157 18 158 179 195 182 231 30 13 88 163 44 254 32 64 251 123 131 129 114 184 10 255 41 38 158 195 21 72 165 155
130 207 32 159 180 138 190 167 30 103 90 151 236 46 18 64 87 111 179 133 246 152 69 255 44 54 158 128 156 92 149 89
27 10 66 191 86 147 234 80 85 68 94 199 109 202 50 64 126 173 55 141 175 146 6 239 244 239 170 128 63 142 57 212
134 141 166 158 148 162 174 239 30 210 90 19 104 234 57 65 123 111 51 231 242 220 10 255 40 38 223 132 149 127 177 192
41 8 99 216 84 147 235 91 87 0 84 66 120 201 180 228 122 168 50 136 163 178 36 223 54 46 139 136 55 136 113 164
182 205 228 223 188 163 142 238 86 178 185 18 226 104 125 1 89 226 55 227 250 226 75 255 168 158 223 244 213 123 208 136
79 237 164 191 188 135 206 184 23 232 91 3 239 236 123 96 221 111 61 119 206 240 203 191 168 255 175 252 150 255 16 65
134 205 130 158 148 162 174 174 22 146 91 18 104 106 57 65 123 99 51 227 112 204 8 255 40 38 207 132 148 123 177 8
66 193 130 142 140 0 46 205 134 17 216 2 64 226 104 66 88 202 59 210 82 11 138 225 56 36 158 140 148 91 176 136
166 237 228 158 212 163 142 238 22 226 88 151 96 236 127 1 89 106 19 247 240 238 14 191 40 14 207 172 213 127 208 216
15 229 166 191 189 151 222 184 215 248 219 1 239 252 123 99 221 109 125 119 238 241 235 191 235 255 239 158 150 255 16 87
134 205 150 158 150 163 190 239 22 3 89 18 108 234 57 64 127 107 19 243 114 206 10 255 40 6 207 204 149 123 177 136
94 205 192 174 188 130 78 184 23 129 219 131 107 239 121 80 95 239 61 247 90 74 203 255 186 255 175 204 182 247 176 24
134 221 150 158 146 162 190 239 30 147 91 178 108 254 41 65 119 123 179 163 112 200 10 255 40 38 223 198 149 115 161 9
38 205 244 215 180 171 238 172 95 179 185 18 239 104 93 3 219 98 55 115 242 232 75 255 172 222 223 246 213 123 209 129
135 172 166 158 158 178 190 238 30 210 91 147 108 238 127 97 127 127 51 183 180 216 175 255 40 46 207 132 149 127 177 205
94 236 134 191 188 131 78 184 151 186 218 131 235 238 57 67 221 239 61 231 122 201 203 191 168 247 207 156 132 254 144 64
6 191 166 159 154 227 190 236 150 243 219 183 108 238 126 65 127 127 187 231 240 219 143 255 60 38 207 199 149 127 181 209
166 173 228 158 212 163 142 239 22 147 88 147 104 236 61 1 93 235 19 231 240 234 10 255 56 14 223 172 213 127 240 136
38 205 180 151 188 171 206 172 95 179 153 18 238 104 93 3 219 98 63 115 250 96 79 255 172 158 223 244 212 123 209 1
246 205 196 190 188 162 78 172 147 146 153 18 235 234 57 67 219 231 61 227 122 75 202 255 184 246 207 156 148 127 176 72
71 236 164 191 188 139 206 168 223 250 91 0 239 232 91 99 217 111 61 115 238 224 203 191 168 255 207 254 148 127 208 69
134 197 2 137 148 35 174 239 20 98 90 18 64 40 48 64 121 14 19 161 112 152 1 222 40 38 143 196 149 124 176 128
246 205 132 159 188 32 142 174 158 146 153 18 224 106 57 67 89 226 127 227 122 79 75 255 188 182 223 156 148 123 176 8
15 229 166 191 189 151 206 184 223 248 218 9 235 236 251 99 221 111 125 119 238 241 239 190 235 127 239 158 150 255 16 71
86 205 132 159 188 32 142 174 158 2 155 2 226 106 57 64 89 226 127 227 122 33 75 255 184 182 207 220 148 123 176 8
164 205 244 215 180 171 166 172 94 179 57 18 234 104 29 1 219 98 38 115 242 240 75 255 44 158 215 118 213 123 209 137
7 173 230 158 158 179 174 232 158 242 91 131 104 236 63 97 127 111 51 167 246 216 175 255 40 46 207 204 149 119 177 76
38 205 180 151 180 171 206 172 95 179 185 2 239 104 29 1 219 98 63 115 250 104 75 191 172 222 207 244 212 123 209 129
134 140 134 158 156 162 142 170 22 162 91 18 104 234 57 65 125 111 51 163 48 216 139 255 40 38 207 196 148 123 177 0
56 4 98 217 84 147 235 95 87 1 244 18 120 195 180 100 120 168 23 168 179 187 36 223 118 47 179 0 119 138 112 168
134 205 166 158 148 163 174 238 86 130 89 18 104 232 57 65 121 107 51 227 242 236 10 255 40 6 223 128 149 123 176 136
126 229 230 191 188 131 206 184 95 242 219 10 227 232 61 99 217 237 125 99 234 241 207 191 170 255 205 156 229 255 80 68
30 245 182 191 188 139 222 184 223 248 91 42 239 248 123 98 151 111 125 99 234 241 203 191 170 255 109 158 148 255 81 71
20 205 180 159 190 139 182 168 223 178 187 18 239 232 61 3 59 103 110 99 242 233 11 255 172 254 71 20 213 123 209 9
118 205 196 190 252 162 78 172 27 146 153 26 226 106 25 67 89 230 63 227 122 66 203 255 188 182 207 220 180 123 144 8
246 205 196 158 220 162 78 236 19 146 217 18 104 234 41 83 121 231 63 226 122 67 202 255 184 38 207 204 181 123 176 8
94 229 246 191 188 139 222 184 223 178 219 2 239 232 125 99 211 111 125 99 234 113 75 191 170 254 79 158 132 255 81 5
102 205 196 190 252 130 78 172 27 146 153 26 234 106 25 83 217 231 63 243 122 66 203 255 188 182 207 220 180 123 208 8
102 205 196 158 252 162 78 172 31 146 153 26 224 106 9 67 89 230 63 242 122 66 203 255 188 182 223 220 180 123 208 8
86 205 180 191 188 139 222 168 223 178 155 10 239 232 121 67 251 230 63 99 250 97 75 255 188 214 207 212 148 123 145 1
102 237 196 254 252 130 78 184 155 178 89 2 232 235 93 83 219 239 53 227 106 66 202 255 62 62 207 140 182 247 240 0
126 205 192 255 252 130 78 184 7 129 89 2 107 235 89 80 89 239 61 242 90 10 203 189 190 254 135 248 182 251 208 8
94 237 224 175 188 139 94 184 223 224 89 10 239 233 121 64 219 239 61 115 202 112 207 191 238 247 173 252 182 255 80 1
6 141 166 158 156 162 174 233 150 210 91 19 104 234 57 65 123 111 51 247 242 216 139 255 40 38 223 132 149 119 177 0
98 193 130 136 220 0 14 239 2 1 216 2 0 226 104 64 88 202 19 208 82 11 138 241 56 36 143 236 20 122 176 136
114 237 98 134 220 131 206 231 3 32 152 11 32 168 116 64 89 238 31 199 218 59 200 253 184 12 143 252 53 30 240 72
134 205 134 158 148 162 174 239 22 130 91 18 96 234 57 65 121 98 51 195 114 220 10 239 40 38 223 132 148 123 176 8
198 255 166 159 158 131 190 238 150 226 210 183 104 238 59 65 127 127 187 199 242 223 143 255 60 38 207 142 149 124 53 217
134 237 166 159 156 35 174 239 150 227 91 147 104 238 63 65 127 111 59 231 178 217 143 255 56 46 207 204 149 116 177 208
126 229 230 191 188 139 94 184 159 248 91 10 239 249 123 66 211 239 125 99 234 113 203 191 170 255 237 158 182 255 16 67
3 237 98 138 148 147 142 231 70 64 88 135 96 236 182 32 88 106 19 215 214 170 44 191 40 12 143 232 21 30 208 220
0 205 0 142 148 129 142 231 4 1 88 2 32 40 48 64 72 66 19 195 82 168 8 253 40 36 142 64 20 26 176 8
3 205 34 159 182 138 190 167 30 67 90 135 236 108 50 64 119 111 19 5 246 152 5 255 44 54 158 128 20 92 145 93
2 205 34 159 148 139 174 167 28 99 90 131 236 44 56 64 115 103 19 165 240 152 13 255 44 38 158 128 21 94 145 88
35 223 97 223 86 211 175 246 95 69 124 230 168 236 183 228 95 122 130 198 199 184 108 255 46 62 158 130 23 223 124 253
2 159 18 158 151 195 182 231 30 5 88 163 44 254 32 64 255 123 131 129 114 154 2 255 40 38 158 195 21 74 165 155
27 14 102 159 86 147 106 81 55 68 86 135 104 207 182 64 126 173 183 140 166 177 39 255 118 46 139 129 63 140 48 208
86 237 134 190 188 139 78 168 31 162 210 10 239 232 49 65 211 111 125 67 104 217 203 191 168 246 207 150 132 126 16 1
226 141 162 158 220 130 142 230 150 130 218 138 96 236 48 64 89 230 63 195 234 139 138 191 56 38 143 152 20 126 176 8
166 141 134 158 212 163 142 238 22 162 88 19 96 232 57 1 89 107 51 231 114 234 10 255 40 6 207 236 149 127 176 136
134 189 150 159 154 163 62 232 158 178 83 178 108 254 104 64 247 127 251 227 114 213 139 255 60 38 207 238 148 119 161 153
194 205 128 158 156 161 142 231 150 130 216 2 96 234 48 64 73 98 59 195 98 11 10 191 56 38 143 184 20 122 176 136
118 205 132 190 252 170 78 172 27 178 153 26 226 106 25 65 91 230 63 99 122 66 203 255 188 182 207 252 180 123 144 8
86 205 180 191 190 139 222 168 223 178 187 10 239 232 29 3 59 231 127 99 242 225 75 255 172 254 79 150 213 123 209 1
150 141 134 159 158 163 46 238 22 178 90 146 108 238 57 65 119 127 59 227 112 221 139 255 168 38 207 196 148 115 161 8
134 205 134 158 156 163 142 238 22 131 88 18 96 234 57 65 89 106 51 227 114 248 11 255 40 6 223 196 149 123 176 136
134 141 166 158 156 163 174 234 150 130 219 18 104 234 57 65 121 111 51 243 242 216 139 255 40 38 207 132 149 127 177 8
166 173 230 223 220 179 174 238 86 227 219 18 96 232 60 96 89 110 115 211 176 251 111 191 60 46 207 164 213 127 240 132
134 205 132 158 148 163 142 238 22 163 88 18 96 232 57 65 89 106 51 243 114 232 10 191 40 6 223 164 148 123 176 136
134 205 134 158 156 2 174 237 150 130 91 18 96 234 57 65 121 110 51 227 114 220 139 255 40 38 223 140 148 126 176 8
134 236 134 159 156 163 190 238 150 162 218 147 104 238 49 65 125 127 187 231 98 223 139 255 60 38 223 140 149 127 177 216
166 237 166 158 220 163 142 238 22 227 89 18 96 232 57 1 89 110 51 83 224 254 15 191 40 38 223 164 213 127 240 200
3 173 32 138 148 131 142 239 6 64 88 131 96 236 50 96 89 106 19 215 214 8 12 191 40 4 143 224 21 30 176 220
2 205 34 157 182 138 174 167 30 67 90 131 236 236 50 64 119 111 19 165 242 152 5 255 44 54 158 128 20 92 145 88
2 205 2 135 148 130 174 167 20 35 90 2 96 104 56 64 121 102 19 161 112 152 9 255 44 38 142 128 20 90 176 8
2 159 34 158 150 227 190 231 22 69 88 167 44 238 32 64 127 123 131 129 82 154 2 255 40 38 142 195 21 78 181 219
3 223 99 223 118 211 190 230 94 68 92 230 168 236 183 228 127 123 146 193 231 184 44 255 38 54 142 131 29 95 61 253
114 237 66 134 212 131 206 231 3 160 216 10 32 232 116 64 121 238 23 195 90 187 136 189 56 12 143 232 21 30 240 136
118 237 192 239 254 139 110 248 143 160 221 10 107 233 125 80 115 238 127 122 74 33 202 255 62 252 133 252 183 187 80 0
102 237 246 190 254 139 126 168 159 178 91 10 110 233 125 67 115 239 63 115 224 112 139 255 190 62 197 174 182 255 80 1
102 237 196 223 252 139 78 168 159 178 123 10 232 235 93 83 211 239 55 99 98 82 203 255 46 62 199 188 182 255 82 129
102 205 196 158 252 138 110 168 155 178 89 10 236 234 121 83 121 238 55 115 98 82 203 255 60 54 199 188 180 123 208 0
84 237 182 190 158 139 254 232 223 178 251 10 239 232 125 3 63 239 110 99 234 97 11 255 184 238 71 20 245 123 1 1
38 237 198 255 252 139 110 184 159 240 123 10 108 235 125 82 211 239 127 115 98 208 203 254 46 62 197 190 182 255 82 129
86 229 246 190 190 139 254 232 223 178 91 10 111 232 125 3 55 239 127 99 234 113 11 255 184 254 71 156 245 123 1 1
102 205 196 159 220 138 110 168 27 178 121 10 228 226 73 83 113 238 55 98 114 82 202 255 188 54 199 236 180 123 144 8
102 237 198 158 220 130 78 168 155 178 249 10 104 226 109 83 89 239 55 226 106 82 203 255 62 62 199 204 149 123 240 128
118 237 230 190 156 139 206 232 95 178 219 10 111 232 121 3 123 238 127 99 234 241 11 191 184 230 205 220 229 123 16 0
19 12 98 218 84 179 234 95 87 1 255 18 104 200 180 100 120 170 22 136 190 187 36 255 50 142 147 136 119 138 240 172
19 8 98 159 84 131 106 83 87 69 82 135 104 206 54 64 120 171 55 133 190 155 6 255 54 46 154 128 55 140 112 212
19 140 98 158 84 147 234 111 87 65 218 2 104 232 182 96 121 170 54 133 174 187 46 255 48 46 155 136 53 12 112 204
118 173 214 158 190 139 94 162 31 162 218 10 111 234 49 81 243 238 63 99 96 217 139 255 184 246 79 144 164 122 81 9
